0.6190304932047109 0.6177771198537831 0.6202838668609904 24.438420454661053 1.254561217593365 23.18385926621859
0.37278615431910983 0.39670549146322115 0.34886681778061257 22.787946199458805 2.0143510546189187 20.773595190439067
0.2905374978582471 0.334467747401385 0.2466072498927595 23.17269856812524 2.559546356644135 20.61315222320661
0.5200248455852677 0.5471068046964155 0.49294288690542915 22.1563385171317 1.6253814423670534 20.5309570767189
0.4474359746065622 0.45975510989789103 0.4351168415035869 22.411817486820325 1.8198288665280316 20.59198863584487
0.4250270826792945 0.4516162687474913 0.39843789797500184 22.726814620481814 1.9413436424862491 20.78547095079891
0.6081322231660775 0.6118158360973733 0.6044486134511525 24.200819940514904 1.3090340395768483 22.891785948002926
0.3764451811283501 0.4051326728639666 0.3477576875886142 22.971269542402258 2.1267586119187984 20.844510920060788
0.2883056562108909 0.3224070890262071 0.25420422342610977 23.005435169720258 2.5726643634624167 20.43277080006938
0.3140454991959809 0.35111765177536225 0.27697334571899285 23.1825108905959 2.7682913445709834 20.414219574198697
0.5193947471393262 0.5242128458823194 0.5145766496444579 22.1532087332564 1.6267407795037727 20.52646791739542
0.47640207882135943 0.4910142948326802 0.4617898657185132 22.092755913083018 1.6979229340299231 20.3948330051912
0.5241323075781429 0.525454020463541 0.5228105945706042 22.230817001374042 1.7820286166146804 20.448788416190226
0.43568325129240915 0.4557425298580462 0.4156239719684821 22.573667620049147 2.00106120337554 20.572606444358826
0.4332393324358867 0.4543611561075423 0.41211750875914194 22.493757767755476 1.9726799630402216 20.521077801621026
0.42805849974516963 0.44861708112732795 0.40749991855131146 22.581934521107076 1.965223632060765 20.61671093643689
0.4454040236241831 0.4607555376101143 0.43005251049832566 22.547731835985445 1.9952358750046277 20.552495923198638
0.4286546750411473 0.43327565591074935 0.42403369336872476 22.57232560290665 2.013109016532455 20.55921660225248
0.45460988161830956 0.4663983120486303 0.4428214525926064 23.115678477157008 2.156396986051498 20.959281497965744
0.45008366408406714 0.4683367175258737 0.4318306093025301 22.859371995665338 2.0355257752651723 20.823846220318735
0.44323678267865235 0.45417885851277845 0.4322947043711778 22.82682558617305 2.0015235320140756 20.82530204389916
0.44914897280882615 0.4567647736285472 0.4415331749917298 22.99602187526682 2.0168514937325255 20.979170315904042
0.429661269406559 0.4376470889499197 0.4216754487384864 23.042381919798302 2.0479497689285564 20.994432113861127
0.4229485804286322 0.430151430088416 0.41574573122687597 23.0895859465573 2.0464412636769924 21.04314468597454
0.4305024225101933 0.44944137928987055 0.41156346592136095 23.18841347928907 2.079407116103042 21.10900633973502
0.4299165644260541 0.44572018916448936 0.41411293864051707 23.101278755182776 1.9960926456041024 21.1051860748093
0.44100338778372017 0.4489287985081637 0.43307797817635485 23.01480160515165 2.0046401656553394 21.0101614688915
0.43933448624985466 0.45463907357834565 0.42402989812490477 22.967263785867743 1.98402206778852 20.983241760665603
0.4420052583181793 0.4534116688469435 0.430598848048964 22.687205683338185 1.9301952179826674 20.757010507453334
0.4315652733801004 0.4463372557535971 0.41679328922284103 22.92554731577472 1.976397619750656 20.94914969850759
0.43370496192590785 0.4509870528874542 0.4164228709567277 23.219951309141564 1.977894718448321 21.242056645330834
0.45156823682899033 0.45672744962697226 0.44640902366204177 22.832319537147146 1.92942870848003 20.902890794264163
0.445282780214167 0.4677545179185442 0.4228110399003054 22.4484625175351 1.916403112760007 20.53205939133962
0.44232203079580934 0.45822075139883844 0.42642331319031573 22.31398541288949 1.9108488443282132 20.403136581019627
0.4583682184377329 0.4749985906929083 0.4417378498098808 22.40391843696761 1.86720050158885 20.536717881921863
0.4590641653338254 0.4770536125787722 0.4410747168553851 22.246315296881836 1.8739332213102142 20.37238207475735
0.4588447435977843 0.4755763372754973 0.4421131507330701 22.665489764812865 1.8763662343793879 20.789123519522246
0.45831049087106207 0.47518185895735326 0.44143911983939954 22.16250609179012 1.8693793518621413 20.293126692537403
0.45470033614524724 0.46277732514811915 0.44662334553673455 22.123332010592268 1.8338043475981618 20.289527671584665
0.44804365629625453 0.45610597820906734 0.4399813333185278 21.97572288487127 1.8352410535994774 20.140481849185758
0.4660886257500108 0.47930035018234873 0.4528769012642363 21.640872156685166 1.79383288034813 19.847039247471127
0.44144686282983897 0.4563447588881671 0.42654896643562396 21.775170214189206 1.8575251018577585 19.91764507332786
0.4525716665094016 0.4643849034200784 0.4407584295643728 22.105015328673066 1.825023376713685 20.27999193225402
0.46777801394788293 0.4774425282102343 0.45811349808879687 21.923798006089008 1.8308069854974747 20.092991008133186
0.4474927438015902 0.46135710660734625 0.433628380939853 21.7952695961207 1.8658379535776017 19.92943161758569
0.48012141978032274 0.4910697144369691 0.4691731264061534 21.495499407658812 1.8238453974163598 19.671654027667852
0.4440784023901641 0.4614993523808878 0.42665745128108995 21.43246355994803 1.817650089498426 19.614813440484426
0.4721455894960243 0.4773847725378512 0.466906405242333 21.233555931862586 1.7837916853242233 19.449764253663236
0.46345681515954884 0.4689784653947938 0.4579351657309412 21.639582318686397 1.8347720463907784 19.8048102764484
0.4596231697697213 0.4758816894914833 0.4433646518584402 21.409309255620823 1.7872317081592122 19.622077546484483
0.46536288927487335 0.480125714213997 0.45060006477183007 21.38859600056716 1.8273496837075291 19.561246318895307
0.4585432056439379 0.47147345397102297 0.4456129588766909 21.04803203103321 1.7781700345336413 19.269861997150983
0.4609432436342611 0.4711947656113176 0.45069171929263757 20.799917054306615 1.7602187201299302 19.039698344110793
0.46382073632599224 0.4720432840649018 0.4555981894038984 20.668750265256953 1.7688162904130957 18.899933951799987
0.46537470964134714 0.4823945623102389 0.4483548567803383 21.200906714455027 1.8185983425606795 19.382308396485335
0.4506432201122977 0.4650458084696731 0.43624063118111567 21.03354031792104 1.8608078432213413 19.17273246785982
0.46370787138903075 0.4737135460021361 0.4537021987613474 20.546375130043653 1.760530677812347 18.785844510370264
0.4632397021467243 0.4737945420182783 0.45268486180632816 20.461543739819135 1.8182187661772868 18.64332497901604
0.4708403805525251 0.4801435428238957 0.4615372165126594 20.309487770163948 1.7741526045271607 18.53533518053795
0.4649946150863594 0.4818954755987239 0.44809375179147787 20.1156127478907 1.76747261907885 18.34814009444961
0.4351502593525283 0.4498771826718817 0.420423336629883 20.85201636298758 1.8984391767470563 18.953577203177364
0.46680905508600135 0.4745589351393486 0.45905917511408123 20.457970143667335 1.8176423980564367 18.640327768247637
0.4436704801990971 0.45325026519932465 0.43409069707932696 20.4084725927134 1.8564502895692658 18.55202230338842
0.4595265809365146 0.46794101239634994 0.45111214852245535 20.20065273873793 1.82587232794918 18.37478040411173
0.4572909061842766 0.46248528675769096 0.45209652472979545 19.96132895920446 1.7992303858363563 18.16209857320525
0.4701609685253657 0.4799761695716062 0.4603457656648275 19.938773394933815 1.8255954226835178 18.11317794765931
0.4477588520003635 0.4578735901916252 0.4376441143768651 20.297363436287217 1.8533294510320235 18.44403398623232
0.4545258201373731 0.46532784297405816 0.44372379659710687 20.102415695867904 1.8274211450352695 18.274994583729185
0.4335788046645988 0.4366713692882617 0.4304862414318763 20.09875802524754 1.8758707251705107 18.2228873218995
0.4734203987882111 0.48431892308872193 0.4625218729972025 19.793395782429013 1.832897637874051 17.960498132340895
0.45846484648827157 0.4675113423396655 0.44941834883530285 19.608936176273993 1.814246533346958 17.794689646835536
0.47686578419894143 0.4837082478795404 0.47002331984784107 19.25011562128536 1.778332741859832 17.471782865420064
0.44522129859307097 0.45515243198259486 0.4352901640648399 19.905870105399462 1.8565621201783582 18.049308033588805
0.4568530572323851 0.46447043939012667 0.44923567297217015 19.66898663317571 1.8552698779627275 17.813716771172697
0.47141574519620244 0.47912471096223486 0.4637067797619218 19.406749717524793 1.7686214438878773 17.63812824872022
0.4536579593079663 0.45508456472218384 0.4522313550648997 19.21528136078777 1.7793111068303469 17.435970293368147
0.4569487963889629 0.4610078697305305 0.45288972167522124 19.28857432753662 1.7978841988929635 17.490690089965778
0.4749663798596527 0.47918804349375205 0.47074471623255093 18.86009365678485 1.7862356533932555 17.07385799728456
0.4444299243044495 0.4585953942653367 0.43026445310847844 19.54513652337705 1.8437338187232044 17.701402709783753
0.45353682169212345 0.45676612695539115 0.45030751660506907 19.22582797795697 1.794801978465638 17.431025994279995
0.46263022491291084 0.469252715043436 0.4560077333914452 19.29046367165821 1.7925986830002623 17.49786499810349
0.4745658536650281 0.4869668069976265 0.4621649008687036 18.87737466598469 1.765310241062133 17.11206442997104
0.4700939357789651 0.4787747374127614 0.4614131340624693 18.754480422520245 1.7837099502972567 16.970770433952246
0.4770295272423514 0.4788761756788746 0.4751828784489485 18.59949180988666 1.7160570530292114 16.8834347588117
