0.6068455832053538 0.6161872004197069 0.5975039654398617 23.946353660217703 1.2790324589977526 22.667321206445564
0.36592925245018854 0.39572834777709553 0.33613015758256387 22.515887146779935 2.0924251519653896 20.42346201334914
0.27399595564052664 0.3262787332171447 0.22171317779344238 22.950207857889673 2.709488762894722 20.24071909499495
0.24528200011190077 0.2963319628942783 0.1942320362345813 22.967521076986234 2.736958919322654 20.230562186567752
0.35718897922245196 0.40182350757850765 0.3125544464623887 22.719388686140924 2.5545316899884236 20.164856996274974
0.4629371102337968 0.4844503316632791 0.44142388803501653 21.784694315635996 1.8473328586310556 19.93736149121637
0.6134292153462971 0.6236281939565319 0.6032302366135872 23.62338767117017 1.27173206038671 22.351655538114784
0.3800888557956643 0.39876707829024693 0.36141063524027395 22.69240235890428 2.1969986009271176 20.49540375356805
0.2877469460951955 0.3228245341231766 0.25266935797280643 22.833002665271497 2.58225818145765 20.250744448622612
0.24094638151869383 0.2789333668103671 0.20295939573584354 22.85318578432684 2.9139968695705885 19.939188910837043
0.35848729606615765 0.4041618029638002 0.3128127885625175 22.646030475668713 2.387580139588003 20.25845033371285
0.5201505566296513 0.5328004487165033 0.507500666543229 21.700299893993222 1.5979366405369484 20.10236325263977
0.5101285778496364 0.5279074350958818 0.4923497174904771 22.1344647505512 1.9040071469463715 20.230457537794766
0.4483921038165484 0.46190560983672535 0.43487859599496403 22.17695768957269 2.0086074592315986 20.16835019033249
0.45838466211132806 0.46626979702547805 0.45049952652356395 22.394780774312476 1.9501266618297524 20.444654112646024
0.394524303323602 0.41170274006483487 0.3773458674345931 22.64877358658673 2.1795338485338918 20.46923975421958
0.42181565914660285 0.43849346502492687 0.4051378556565471 22.404283084608103 2.0854733101309164 20.318809764025964
0.4162945327387281 0.4263697609203319 0.40621930399067596 22.464187927768656 2.1759208598365523 20.28826708271079
0.4609102520020041 0.4678813228307113 0.45393917834105557 22.800763080544666 2.026567026686995 20.774196055164076
0.3951068285036169 0.4204357231979909 0.3697779334737116 22.785626953595305 2.2895702287758866 20.496056706938024
0.42917445811302696 0.43088205821480446 0.42746685655813105 22.76228641614522 2.124651867437036 20.63763451902834
0.42456809327210465 0.42904680937605155 0.42008937584516937 22.693162607166865 2.073443821766605 20.61971877241788
0.45647308178348084 0.4660062911218568 0.44693987302686256 22.58768775365124 2.027462610234953 20.560225088302403
0.43567999436022486 0.44987124279141427 0.4214887465490666 22.48003277974586 1.9538128920613902 20.526219865720567
0.42634283628774017 0.4372966675700186 0.4153890025521284 23.03907172581921 2.0862037068360473 20.952868061849514
0.44387332203555596 0.45345648069138805 0.43429016337972387 22.801589423662996 2.0399213392440587 20.761668080499728
0.44059418903229985 0.4602220076046986 0.4209663710926902 22.76841541969613 1.9418628440736092 20.82655257460189
0.45629279855383587 0.4672310864029784 0.4453545107672068 22.591738737445986 1.944498658629313 20.647240061302707
0.4316557254387091 0.4380403673556978 0.4252710830471287 22.639447794875053 2.0021681617384086 20.637279642444767
0.4454698181111519 0.46561548164599154 0.4253241588450866 22.452194471228612 1.970597888018987 20.48159655610176
0.4495349144384469 0.46843852754554727 0.4306313004880531 22.74125169989181 1.9161535844002684 20.82509814615119
0.44606561163210706 0.4640057622907964 0.4281254599904259 22.55109076434619 1.952004339535759 20.599086458389074
0.4433389147360847 0.45896555807773176 0.42771227173507215 22.343424463925295 1.9313558787515719 20.412068579948112
0.43718166332947067 0.4548479414123991 0.41951538501690105 22.203385367458814 1.9847465764169823 20.218638787857472
0.44887356184525035 0.464011203629054 0.4337359205041438 22.14227656795554 1.8829631238767546 20.25931352850509
0.44158458638272874 0.4561283392755136 0.4270408346126341 22.130971750494552 1.9497656493970792 20.181206063701683
0.4541842147095563 0.4708000989732881 0.4375683295425691 22.257099774765642 1.885361046497136 20.37173870491655
0.4565894262125231 0.4683222513671403 0.4448565995626866 22.00760950062373 1.8881971402527535 20.119412361432428
0.4708433967849163 0.48666254048401564 0.45502425246195843 21.580601271537887 1.8413557922186916 19.739245470909225
0.4588186311905515 0.4740030205617212 0.4436342406558664 21.407812437292648 1.8395688012854694 19.568243670790164
0.45962466763919346 0.46737561040774805 0.451873722840866 21.67387663566903 1.8478598944128377 19.826016770323662
0.4707830074791835 0.4871385449390501 0.45442746723172806 21.376002039974683 1.8379529975048483 19.538049059698025
0.4729848538155425 0.49030243235652987 0.4556672752158691 21.793186754723116 1.8535400463293676 19.939646738522672
0.466458178668806 0.49082882743558454 0.44208752744103946 21.620308832926295 1.8174791454452357 19.802829730674013
0.46134456639012245 0.4737826156251337 0.4489065182101849 21.102434554165356 1.7740052953158338 19.32842930310393
0.4635745480299404 0.47948654521550116 0.4476625484350609 21.035535484470735 1.7961064391756711 19.2394290394979
0.47314904046385253 0.47668909595207604 0.46960898432370324 20.79847231303176 1.7971844944235398 19.00128782350723
0.46200661416331384 0.476145337397003 0.4478678933791306 20.749583864865237 1.767405889377202 18.98217802635611
0.46517496488682214 0.4792279304247605 0.4511219992876461 21.396681597461438 1.8099349475886723 19.586746665876205
0.4516680780236852 0.46134644440464573 0.44198971103417545 20.937753669529744 1.867418764552025 19.07033490154841
0.47396723545373304 0.48939148740945 0.45854298171319374 20.85512947578953 1.7950707368654748 19.060058728309528
0.4537194990948455 0.46743322558420364 0.44000577047875483 20.442915733546428 1.750983674722175 18.69193209099443
0.4679476459038584 0.47098844162609477 0.46490684815057337 20.435304243270664 1.7558270490332826 18.679477146227065
0.48299289998942857 0.49616330709014955 0.4698224899984182 20.389175750131475 1.7719272886237054 18.617248468529688
0.4653850539804321 0.4801562821824257 0.45061382808250516 20.77430285362348 1.8166340680971538 18.957668731637195
0.4602739876850623 0.4697763737035941 0.4507716022572187 20.62532338965429 1.8094634080586367 18.815859969674726
0.4573545536460125 0.47008721432329653 0.4446218904133325 20.65665695699927 1.834687196963454 18.82196974623693
0.46490662196931776 0.47788740508003186 0.45192583920816853 20.202225673362 1.7729291804849285 18.42929649222387
0.45801745602631405 0.4686000578500943 0.44743485100669406 20.013825562882097 1.8083701096985438 18.20545546387973
0.4626712963189164 0.47421334309707563 0.4511292506111403 20.061262911966402 1.787465707080005 18.273797191985665
0.4548676676537893 0.4760072873509808 0.43372804943012866 20.64815222269868 1.8954186820004084 18.75273355980442
0.45607192348433684 0.46373167294141365 0.44841217403236316 20.373399286400783 1.8569701131076028 18.51642916561806
0.45346213793509627 0.4664661579057319 0.4404581184715849 19.970488145906632 1.7887487511112266 18.18173941259515
0.4657056580769689 0.4750599237209926 0.45635139117757345 19.724239506786816 1.8019907793770098 17.922248718183333
0.46270345081001113 0.46609509925625914 0.45931180235355684 19.61531908740736 1.8106305907850395 17.80468843930388
0.47896419874813456 0.4878516634859221 0.4700767325773223 19.502179807506195 1.7453576747685262 17.756822160825337
0.46189033030851245 0.47556867178669837 0.4482119898528677 19.960750432210425 1.8339586365712832 18.12679176983768
0.47539168445214836 0.48396967701766996 0.46681369064401274 19.583798166823712 1.7802130854293092 17.803585131527626
0.4398263448619679 0.4440272579046145 0.4356254311406041 19.42855101546196 1.8295132686014044 17.599037762210795
0.4782623180175481 0.4915345431423478 0.4649900923648926 19.37822436502535 1.7965627318375732 17.58166163784184
0.46470701690406013 0.47669569061597017 0.45271834509625825 19.24964026098382 1.7735060868197925 17.476134166325608
0.45569785351622594 0.46277338117361067 0.44862232744591696 19.06394022719501 1.7806304528288646 17.283309769957032
0.47084780838085366 0.47153951939106087 0.4701560991152815 19.568031368516895 1.8090629218784098 17.758968412059627
0.44263413668903584 0.4563854684740662 0.42888280583724175 19.384647574490064 1.851566272075862 17.533081308129717
0.4491211079035516 0.463974430595767 0.43426778604059596 19.37663484468852 1.8719415538931545 17.50469330108329
0.45402414894165244 0.46047065561088696 0.4475776403478972 19.1000795410104 1.8207756106167623 17.279303912593893
0.47569080137532865 0.48563809655670537 0.4657435056893793 18.938605778837857 1.764435118681764 17.174170650194768
0.4784709692409594 0.4939630042145998 0.46297893408328705 18.681859365228103 1.7885034657504462 16.89335590976558
0.4391868397593498 0.4476166349379601 0.43075704506713236 19.1862229347229 1.8191474617548185 17.36707550858798
0.4750176860657457 0.4866634786256576 0.46337189509546106 18.895490922013373 1.7805878730669413 17.11490298950509
0.46718808857545463 0.4758746706574441 0.4585015070356735 18.72288947693289 1.7647541757315806 16.95813533867875
0.478266212915721 0.48759550588741285 0.4689369185483211 18.681820596407537 1.7736272473041326 16.908193354410667
0.4659326947817247 0.4672200347418093 0.4646453545416055 18.55654174595663 1.73639614680042 16.820145586092178
0.49965498310654133 0.507927212121654 0.4913827538031013 18.199707363076406 1.6896810046614033 16.510026375234943
0.4490814807684454 0.4619896012154242 0.4361733594424512 18.882211273663664 1.8022576158993864 17.079953665276097
0.4778730868476711 0.48186122569102435 0.4738849461129675 18.60279400577284 1.7574366736085447 16.84535735404655
0.4686709083514671 0.4752743296152976 0.46206748673870957 18.4396652358852 1.7654757184525058 16.674189500939356
0.4655785123932443 0.4746449613015563 0.4565120641703475 18.42055706389963 1.7597656315320158 16.660791436613422
0.4844370340443637 0.48751206843258993 0.4813620001332809 18.106119499467823 1.697812660181359 16.40830680442183
0.49244701273943464 0.4992486500838287 0.48564537384177314 18.070525420201967 1.724005302746002 16.346520122763227
0.4773893151483307 0.48105424529145635 0.47372438367966513 18.047930917347948 1.69744348942417 16.350487453970192
0.48982674773935586 0.49230391000563356 0.48734958526257377 17.978654643280866 1.6932636225876743 16.285391080542787
0.4628052948119297 0.47585659582225276 0.44975399214213024 17.953023548648783 1.7429643542799231 16.210059157462968
0.47953463455993833 0.48735687125550764 0.47171239872297194 17.60486633614318 1.6851008299278887 15.919765474371713
0.5151456300526449 0.519952202817961 0.5103390567693604 17.333720751331278 1.5876316242022057 15.746089137090395
0.4914654608458689 0.49493227922421407 0.4879986395472533 17.421117433783127 1.6462916775109018 15.774825752924567
0.4721104320597975 0.4821308411070949 0.46209002409181366 17.530264207761583 1.66063582782876 15.869628390873949
0.49043431671923154 0.4875561112620906 0.49331252146257115 17.332444570489127 1.606198143795745 15.726246447432532
0.48946295410190543 0.4948216959049491 0.48410421340432885 17.35149537177935 1.663575196102874 15.687920201314638
0.5074986881180985 0.5138524137357607 0.5011449623087497 17.157805967984135 1.6131205692683181 15.544685393163602
0.49341969318585854 0.4964322528584975 0.4904071331738609 16.95759687031785 1.589897501305358 15.367699340924824
0.5049564456592683 0.5034104586566148 0.506502431916864 16.944641428124413 1.60647821589692 15.338163239988562
0.48541072492730125 0.49958656326140444 0.4712348881598613 17.045977668892846 1.6095004553460095 15.436477220874943
0.5089094625045992 0.5105381284955226 0.5072807967407654 16.924155777447844 1.602743112551023 15.32141268906528
0.501287332912014 0.5049721760605143 0.4976024874881522 16.810737737890793 1.5957357726684989 15.215001941053835
0.4992925478170996 0.5075924203743878 0.4909926741116055 16.64437645428801 1.5671094500855223 15.077267011877609
0.5091251676519439 0.5093669349203295 0.5088833991285057 16.66940573339593 1.601394813681302 15.068010902404785
0.49860263954694956 0.5022818095726918 0.494923470659207 16.471152112255357 1.5429115412986443 14.92824058598035
0.49373900442294877 0.5083140770260449 0.47916393474969143 16.714860960555402 1.6130386550132543 15.10182231778968
0.48723384078643095 0.4879805051861969 0.48648717371772415 16.65560793876648 1.6258351358648848 15.029772835561674
0.4994152953363445 0.5046867567037985 0.494143834592749 16.50565660228468 1.627775181891167 14.877881442030816
0.4895864824726157 0.49843400831729784 0.4807389560117297 16.324212489715993 1.5983872217674777 14.725825216998793
0.5076103178401515 0.5138614768392011 0.5013591547432827 16.3652271290348 1.5882847229095354 14.776942392244731
0.5136368767039416 0.5133057612568548 0.5139679939014046 16.177212024061646 1.565643128140332 14.611568904576236
0.4896446034720499 0.49727629772323656 0.48201290736459707 16.511148145754042 1.6117604042569251 14.899387747620883
0.48427023042554723 0.4888275195818956 0.4797129395277533 16.3337800045536 1.6072870817086469 14.726492937950239
0.5198847742011286 0.5304702165287805 0.5092993314186596 16.250605897380883 1.5799769697940513 14.670628967677077
0.489496640993716 0.4836083628607225 0.4953849169795644 16.138093470220696 1.5600389848016714 14.578054490481337
0.5147414567944122 0.522564298955864 0.5069186146026605 15.992049046085306 1.5507416240156513 14.441307419293548
0.5080835245855867 0.5112419822061919 0.5049250691312633 15.928816804493943 1.552447755206121 14.37636899066298
0.49708857340355445 0.5044191288710763 0.4897580170570171 16.163739989555044 1.6030586265537836 14.560681385536716
0.5083325937084139 0.5164048509410748 0.5002603355488957 16.137647556932006 1.5857333804646583 14.551914166097772
0.48871397385246135 0.49080871877400845 0.48661923028324566 15.988224934878415 1.582454386802569 14.405770575510312
0.5015989131511074 0.5000255472747583 0.5031722815222528 15.88013444142799 1.5836226375135658 14.296511785298177
0.518771251566606 0.5105193580411477 0.5270231446582977 15.758739009622024 1.525110022172536 14.233628965403936
0.5169583985658541 0.5189123838272405 0.5150044130033826 15.66766810743776 1.533039590267286 14.134628528764804
