0.6038490321129969 0.6079975309029018 0.5997005316084378 23.75771719919492 1.2830545892454173 22.474662557366777
0.3470499195770858 0.3647848705978018 0.329314965999698 22.55875002456038 2.1689783507830476 20.389771707743815
0.2290560288074082 0.2701191708719843 0.18799288642835127 23.149783930713184 2.9646831131144746 20.185100807555735
0.28734344531565087 0.335325960814315 0.23936092700962333 23.051566799372843 2.9438612821983963 20.107705545425414
0.49352900290938273 0.5073150326210801 0.4797429736142289 22.04351070613077 1.8064668060573814 20.237043921588217
0.46281816987958674 0.47883042311678603 0.4468059157365806 21.776760663071723 1.7762706660244563 20.000489965856893
0.5727494626829069 0.5905577634295373 0.5549411604461605 24.07266288652812 1.3631604274658307 22.709502460531994
0.3003193102777004 0.33535312833902364 0.26528549282109903 22.89344943582195 2.3101303685201358 20.583319036927943
0.22600181423484872 0.25180113217187405 0.20020249511995544 23.10366653938816 2.8579979367452126 20.245668624851803
0.4206973219468986 0.44456038419348637 0.39683425800543126 22.60799601829215 2.2554792102069072 20.35251680988155
0.4836558707772869 0.49012522138655185 0.4771865222347926 21.86603772934169 1.796315723657608 20.06972198878249
0.47529196190099193 0.49195755388944934 0.45862636834587134 22.185936163549552 1.7840974784877202 20.401838643583535
0.5126275656157977 0.5169618546044173 0.5082932786378141 22.070383377597757 1.8628217248883965 20.207561634664668
0.46870562583208086 0.48002150051601944 0.4573897498927704 22.09526760284215 1.8758777902550894 20.219389839694923
0.41922836722168205 0.43838520804292536 0.40007152624224146 22.39591441873002 2.0076000817834516 20.38831429285546
0.43043159655716323 0.45140717225532007 0.409456021068235 22.54284763074901 2.0304678729135697 20.512379766490362
0.4267665129614203 0.45955766993638586 0.39397535493010527 22.48789325087038 2.0178215288136103 20.47007170703313
0.45418521143393975 0.4711095993394313 0.4372608252737212 22.47004324899961 1.9599808803159897 20.51006238689161
0.43726073760692385 0.4423662338992708 0.43215524260822225 22.91995065767471 2.1971859282826722 20.722764746783533
0.4223328126211689 0.43305561939535075 0.4116100038516603 22.881125745381393 2.1553172005365973 20.725808589752408
0.4209932746340151 0.43254057045464644 0.40944598038259844 22.94688299910663 2.219384974771983 20.7274980153123
0.42934543084200116 0.45144207402043146 0.40724878488236094 22.985419889998763 2.0921954470138027 20.893224477114742
0.415407616951286 0.42025782155153685 0.4105574140184852 22.93952017483646 2.197072364696085 20.742447778623397
0.44442368720288145 0.45233891590511144 0.43650845853382186 22.863607470629965 2.0122353192878095 20.851372149872454
0.4040159397337535 0.41970931002742623 0.3883225670875344 23.37529675993201 2.2126854123318034 21.162611327106006
0.41815854515114875 0.4221836330598756 0.41413345650501854 22.85929188532372 2.1091545278078887 20.75013738984931
0.4527007225339543 0.45846194763706155 0.4469394967827487 23.069664912681056 2.006486605618098 21.063178306736358
0.4424979471078474 0.454262081962334 0.4307338115363701 22.85913285686545 1.9799117399405126 20.879221123865207
0.44345992956157415 0.465043237879362 0.4218766208687057 22.78979659276466 1.9573249327809843 20.83247164242888
0.42882958192327253 0.4342239952314492 0.4234351674681657 22.771518350627325 2.0167255119918144 20.754792852271095
0.43380069367281376 0.4451747661277856 0.4224266200186047 22.946131094841107 1.973463689301112 20.97266741844073
0.44902040326636133 0.46614764095858147 0.4318931642741169 22.771502780914307 1.9682234592633705 20.803279330632456
0.448616178507266 0.4598198321277965 0.4374125251240314 22.613239110659247 1.932580831524444 20.68065827382754
0.44254365480721813 0.463840818762371 0.4212464914516839 22.493603084511953 1.916097189792215 20.577505909253475
0.4394174238998596 0.4463226353519992 0.4325122135321367 22.341491791973375 1.928955547858591 20.41253629188015
0.4467949900520991 0.45936488313727997 0.43422509661480174 22.276571156227426 1.932558282515774 20.344012886204133
0.4539594775805735 0.45925909759706424 0.4486598554335228 22.65815769744246 1.8422613940826833 20.815896232814005
0.46875169283314927 0.4869793299585581 0.45052405625632774 22.28807614731462 1.8750469691132845 20.413029182120546
0.45478528484906233 0.4718103570659479 0.4377602136987325 21.732336370912318 1.8094429063470396 19.922893448398536
0.46320807265296376 0.48327267969358867 0.44314346355322287 21.610396787565048 1.8073792117915741 19.803017535274975
0.4618369620038222 0.46419978977423415 0.4594741339654955 21.819865635649798 1.8466112185422687 19.973254400410063
0.4411992311834881 0.4520631345014458 0.43033532738583546 21.444281187449416 1.8056992569198347 19.638581943511962
0.46383400150153736 0.4767983118352825 0.4508696903768059 22.013336881872725 1.8432449761318834 20.170091854382868
0.4666244264130723 0.4807352554729234 0.45251359730856877 21.706523347880744 1.8040459525503525 19.90247739308501
0.4577776976848302 0.46750548717195856 0.4480499077741414 21.43511473707957 1.7756386851611203 19.65947602415738
0.461131184303189 0.47431651697659943 0.4479458515902292 21.400217842729123 1.8387283706501738 19.56148944292983
0.46171285655502586 0.472366999242812 0.4510587153650106 20.92163053408061 1.7845081797201339 19.137122354768728
0.47424752142739623 0.49024503039425776 0.4582500130550502 20.725132064296776 1.7871467299657324 18.93798529219954
0.4467826792842721 0.4605765358659707 0.43298882262347493 21.39100467864781 1.8609547364385162 19.530049908651065
0.4713128388081103 0.48935302915434314 0.45327264558881114 21.117167012985437 1.8399920392526339 19.277175015619356
0.4638172744786086 0.47361800354803363 0.45401654490205934 20.76703976409076 1.764995794426905 19.00204393765698
0.460760976027136 0.4725634538275126 0.44895849801497917 20.65969834784939 1.7862060607296146 18.87349227291264
0.47630270732796354 0.49641967743431054 0.4561857378850244 20.447107879429648 1.7600206487799344 18.687087261513486
0.4572258133594304 0.4671091776647388 0.44734245115151144 20.400001022913685 1.7559650083110756 18.644036029789547
0.45711210759943477 0.46833227947800843 0.4458919349496495 20.94668999698064 1.8108400037027386 19.135850019324316
0.4505896803757099 0.4707625579120821 0.43041680234241975 20.6942789574192 1.8160775018064943 18.878201454632904
0.4640622193886809 0.4740860584364209 0.45403838173218375 20.468020911412697 1.7927676793647138 18.675253254093537
0.4823926484646046 0.4970105407383191 0.46777475578327704 20.241821842977444 1.785947324478463 18.455874497923134
0.461049554364322 0.46785558608858147 0.4542435226247531 20.00262767713364 1.7515567794238052 18.251070881543093
0.45417496798789664 0.4625925562382765 0.44575737870413146 19.902109195761486 1.7712726932682403 18.13083651359767
0.45021497826666046 0.46850056252059563 0.4319293937352422 20.460012539118935 1.8252309930651156 18.634781513475392
0.46396374889738756 0.4779412658444976 0.44998623124668247 20.340796004256156 1.8054672972796715 18.53532868476763
0.45738178246641814 0.459532690845583 0.45523087561947023 19.987527085003787 1.771568585421941 18.215958462675957
0.47035746150586294 0.48761332525667567 0.453101599264941 19.78033738724173 1.8014850503369553 17.978852292936143
0.4577733884833447 0.4604160308391366 0.4551307472744829 19.7364505245261 1.8228808048653276 17.913569690756603
0.4634339276854306 0.4755692469160238 0.4512986089166713 19.611018009708353 1.7722198576143344 17.83879818067159
0.44218224923904625 0.45174994123972034 0.4326145596138827 20.05594439571851 1.818371707119354 18.237572687619352
0.47096140126965635 0.4808254437575321 0.4610973576364452 19.72767914027384 1.792013223530495 17.935665941891607
0.45233547158845483 0.466368124305513 0.43830282018609246 19.69669440151894 1.8451702184056582 17.85152412114078
0.4551534997273798 0.4669317304003627 0.4433752658279383 19.33358122943199 1.7897497877682724 17.543831433335395
0.46833748242830575 0.4724482897936992 0.46422667356386577 19.28576825677532 1.8233195396318829 17.46244871779664
0.4671285590794805 0.47305552840028725 0.4612015913023728 19.22193465951371 1.7570700367836103 17.464864645918755
0.4431220674147345 0.46178402013579156 0.42446011644979453 19.645583715830764 1.8248908599762068 17.82069286189667
0.4610368263231565 0.4697757881603599 0.4522978647471699 19.446173761968744 1.80184192779946 17.644331798814747
0.4646818223422112 0.4689421490316394 0.46042149621891243 19.391874404802714 1.8253396312055523 17.566534766105757
0.4678068925052473 0.47106690762360415 0.46454687936818356 19.003164500406342 1.7820189629515557 17.221145539087793
0.4578958467261432 0.4681721414356454 0.4476195536604891 18.79588644863808 1.7873645934340072 17.008521847528954
0.46634161641234406 0.4799212410880176 0.4527619935163896 18.701530581957673 1.7903420594457078 16.911188539086957
0.4510917693478604 0.46408937854615795 0.43809416036389465 19.090146207156245 1.7684337323659087 17.32171248017925
0.4543127412359192 0.4689153236413553 0.43971015831634197 19.14697843969685 1.829879477252699 17.31709895917814
0.46894462480120463 0.4849086534869793 0.45298059586792777 18.81374095498699 1.7821366337880695 17.031604310910996
0.4650605667943824 0.48216525444454733 0.4479558808346317 18.703465346114275 1.797462315102146 16.906003017294896
0.4650759125970406 0.4729672356419367 0.4571845903558886 18.522573668336214 1.7842438692099427 16.73832976916065
0.4755170889504968 0.4831555860056478 0.46787859343298493 18.475154000112454 1.760072972921476 16.715081067934427
0.45522209083380766 0.4700685815062782 0.44037560095423706 18.826144164882294 1.7789225716705193 17.047221636445556
0.4669473888939374 0.48116824820140147 0.4527265277831522 18.69619371597081 1.7629276011088124 16.933266130212235
0.47211862855578124 0.4818003170621224 0.4624369406996116 18.428434443800416 1.7412969901137156 16.68713748553028
0.4792911714989029 0.48778157376122905 0.47080076593038156 18.191469976346788 1.7158405321918122 16.475629468160133
0.4761711571620752 0.4860205940761897 0.46632172155308804 18.119369365744394 1.7268681526184082 16.39250126864812
0.4752599983182672 0.47134574555906733 0.479174250900133 18.218986559567387 1.7310603693740008 16.487926194439197
0.4723018078363105 0.4715976745872567 0.4730059410560213 18.13166580069555 1.7118121545608729 16.419853614781
0.48501792781769415 0.49782407638929427 0.4722117780439862 18.105155258962554 1.6963304887079214 16.408824776296747
0.4788865202706154 0.49098490290216185 0.4667881382909948 17.720587846677596 1.664469372083063 16.056118482432954
0.49383105380486136 0.4968577994875712 0.4908043093724202 17.63345273618829 1.6464877838957799 15.986964914896717
0.49587372005598185 0.5046532017185212 0.4870942402426919 17.667185460704648 1.682794493763414 15.984391008664485
0.4791106529584894 0.4969584763152142 0.4612628294945988 17.576719644624895 1.6718657100037353 15.904853940989874
0.4678055471447233 0.4800273590762653 0.4555837345245766 17.63830293890548 1.693733938262887 15.944569005704906
0.4842888834950042 0.4835248629619967 0.48505290254236083 17.509007570188338 1.649017406408101 15.85999020093108
0.49018012514873727 0.48990821117688327 0.49045203998684883 17.305523351120623 1.6271947728444451 15.678328585298093
0.49975403751412484 0.5080508760074536 0.4914571999151209 17.22253814462113 1.6316033495615607 15.590934818084925
0.5001117094330592 0.5029678638807613 0.4972555554382605 17.171684066563436 1.601204306213823 15.570479751613043
0.4993431572942701 0.5093093760317983 0.4893769361333896 17.15364218672661 1.6183827066258207 15.535259488510759
0.4817951888662495 0.49101064664452043 0.47257973303737705 17.010351478236995 1.580477465342169 15.429874026938661
0.49848933303601123 0.4982363525140163 0.49874231298390315 16.98741098103458 1.6104623881104874 15.376948629666682
0.49294381322313663 0.4993098428396329 0.48657778288199477 17.101418752539647 1.6232128439700766 15.478205907181518
0.49653848126428585 0.49578211224216917 0.49729485085667813 16.966396975843875 1.5867373114579344 15.379659657282373
0.5067103627916069 0.511122145145264 0.5022985794823872 16.74296017868878 1.6405923998519165 15.102367730336647
0.488446786611864 0.4853777514049809 0.49151581954466156 16.834672253099207 1.6285509037644896 15.206121353253927
0.479966085230651 0.48527854707997853 0.4746536250289989 16.776921994065585 1.608706846792404 15.168215131759643
0.5055068267534857 0.5128296294466478 0.4981840225676559 16.768706936379 1.6033794440635263 15.16532749868419
0.4941262903687072 0.49368843840728577 0.4945641404247447 16.69334314555338 1.6019302067691332 15.091412941397053
0.49766234361553846 0.501481401942007 0.4938432829326963 16.399940650757046 1.5483575784996764 14.85158301967464
0.5144367067372962 0.51243680784836 0.5164366050483021 16.251726053838862 1.5295127049700854 14.722213321189358
0.5100695444704735 0.5234816619233318 0.4966574284669063 16.03526067472484 1.5449710983119598 14.490289563348849
0.48004665054278833 0.48356056929109875 0.4765327310113058 16.46156573687514 1.5780534017575931 14.883512314378399
0.500270879003283 0.4969011646009701 0.5036405935577334 16.356763127731952 1.5980480835045854 14.758715044309016
0.49840572549872203 0.5039510910080313 0.49286035974446224 16.40838988317202 1.58945624575223 14.818933667875315
0.5002052115148877 0.5034578017979758 0.4969526229655906 16.291297508919076 1.5875243446598315 14.703773168994957
0.5035049498897709 0.5017021338748809 0.5053077677953733 16.063152932467524 1.528914976038345 14.53423796810516
0.514698999895625 0.5071644989569506 0.5222335009338105 16.01951831791499 1.5359133730604224 14.483604922359937
0.48441518873792805 0.48845955212281583 0.480370825845493 16.26024558446179 1.5810396779073428 14.679205887284997
0.5016094125501097 0.5066176421940327 0.49660118352876953 16.1190717475055 1.5545178125982415 14.56455392249643
0.50188272462724 0.5015431617769375 0.5022222876752893 15.953668126668015 1.5639751216320141 14.38969293489848
0.4995375884314106 0.5013629827447466 0.4977121944603038 15.909340669031012 1.5517622062604721 14.35757845787153
0.5103010147197605 0.514144984204067 0.5064570448272032 15.767034777549847 1.5381164091907136 14.228918355458402
0.5258166729995649 0.5269373629395276 0.5246959822124815 15.57734022205823 1.4774794069055008 14.099860783145852
