0.41823998285477887 0.44079376649991847 0.39568619932945354 23.1783819307376 1.9908646340787846 21.187517319282478
0.4368419043624597 0.4574534999861817 0.41623030917678217 22.32555212700454 1.9113577879339891 20.414194313061497
0.43695897497508646 0.4623450073634485 0.4115729439259255 22.42643930790198 1.9792016850662058 20.447237610381887
0.42324577023132437 0.44724295748547266 0.3992485822463938 22.60997053001919 2.050032145051408 20.559938403376698
0.4134966514131095 0.4449662400807261 0.3820270623002256 22.632667813857978 2.1106766384999083 20.52199119046657
0.4172347294520179 0.4343403397241852 0.40012912020379554 22.874742410696335 2.0973093463583803 20.777433014481606
0.4234394452170924 0.43690360693497254 0.4099752836500424 23.026875973617944 2.04716021450318 20.97971576365241
0.42647757235384226 0.4285576555981593 0.4243974876963962 23.030775436519708 2.0665133225520815 20.964262097421354
0.4319460111139954 0.43656121152385147 0.4273308115402903 23.044739057112785 2.0289216176368785 21.015817427722208
0.43108889700192277 0.44101458472746974 0.42116320889229025 23.013272489509443 2.0295482077058 20.98372430501193
0.44037229911063924 0.4528898671107965 0.42785473133736446 23.036511953512246 1.9440051862140642 21.09250677241026
0.4430381521093149 0.4523943585087035 0.4336819481576222 23.15394827375447 1.952745456466057 21.201202803067048
0.448385374032532 0.4615448275181621 0.4352259215997382 23.084564182227545 1.8997357377007495 21.18482840039434
0.451277263041069 0.46421110734129395 0.4383434167515867 23.108356799957527 1.8974039392804143 21.21095283775434
0.4543466022387691 0.47055808941359517 0.43813511559843377 22.994910504696144 1.8707827004148578 21.124127811323987
0.4592240542499688 0.4727945728503664 0.4456535358556349 22.950619101089284 1.8258903213933002 21.124728762102823
0.45958530468641895 0.47296567809645657 0.4462049314395327 22.938095305087792 1.8308316466065437 21.10726368688319
0.45705911148693007 0.4717717766965719 0.4423464478756621 22.785340383540106 1.8374856571483351 20.947854767098043
0.4459046410451079 0.4615772515034004 0.4302320311514722 22.794345687340645 1.860867416554124 20.933478276659972
0.4570091329888869 0.4719430976530306 0.4420751674703227 22.78729484290102 1.8381675188939501 20.94912733931611
0.45303670670599233 0.4670724489351813 0.43900096362939334 22.769224294345744 1.8578885328024626 20.91133575826666
0.4626960712332061 0.48048020917182976 0.44491193337743273 22.616280949028738 1.8281173959755115 20.78816354231243
0.45913603387086444 0.4735184985983702 0.4447535686632516 22.558456582744626 1.8146027825555227 20.74385379570244
0.4553686172351323 0.4735110372812215 0.4372261968342737 22.524195684568724 1.8323604756300031 20.691835208095775
0.45398315336609624 0.465372817781176 0.4425934888830368 22.302908585889497 1.8460045430782068 20.45690408000981
0.4512204949108435 0.46498978861699386 0.4374512022260889 22.363281186262185 1.8666483536634566 20.49663280657608
0.4491430835111787 0.46295521249905414 0.4353309551094162 22.234200126063214 1.8557609104055122 20.378439199097834
0.4563102397122794 0.4689787475020033 0.44364173138572793 22.098519199738536 1.8227679910151846 20.275751219396174
0.45359387739908197 0.4634346109740589 0.4437531441523197 22.091207663073156 1.8416002039682038 20.24960745816683
0.45712529225223936 0.46570517472735007 0.44854541008749865 22.01587662100792 1.844939097734916 20.17093750790958
0.4547140854461812 0.461680091490517 0.44774807956977664 21.937681098488994 1.8454923302370265 20.09218876096454
0.4580816808156669 0.4655931989964434 0.4505701620326323 21.87536001901557 1.8307567409436851 20.044603296875085
0.4494554915305662 0.45944674778538486 0.43946423686838565 21.76225202753596 1.838073962687576 19.92417805603821
0.4450082397547272 0.45510507235452224 0.43491140696055247 21.737177095709058 1.8684747655515688 19.86870231745887
0.4441324151605436 0.4532149136970355 0.4350499172897221 21.634817404468563 1.8756239974232267 19.759193405835298
0.44468110489291923 0.45648216523549157 0.4328800443378039 21.627056119433284 1.9124168437654085 19.714639265606873
0.43371730488487076 0.44815763813957793 0.4192769714840603 21.6239147851937 1.9172108110013235 19.706703990915397
0.4450205839561965 0.4533253705740208 0.4367157982092565 21.545440254202724 1.9311540368808446 19.614286209109927
0.43038313413705054 0.4408733589218545 0.41989290774022364 21.46555453060317 1.937172160952957 19.528382363980704
0.43917117504841463 0.4519794039992997 0.42636294592126023 21.467361699273116 1.9513454835889112 19.516016193767534
0.4205964833373088 0.4294290393006726 0.4117639272454208 21.35714713630885 1.9693907232832735 19.38775641465709
0.4317180576643322 0.43949692715768235 0.4239391865196849 21.28506623828498 1.975963926146718 19.30910232858936
0.43844926246802196 0.45569389445340114 0.42120463095127814 21.27352854631243 1.9490452528231008 19.324483281722035
0.43250257804153663 0.4403448864113604 0.42466026956974323 21.190915871275603 1.96817265459112 19.222743223400883
0.42936490644636244 0.434852322243679 0.4238774911763935 21.191864872500844 1.9999521588974625 19.19191271131926
0.4288116113671924 0.44125632796357733 0.4163668955069538 21.018382951943543 1.97690405661281 19.041478917764053
0.4292773431444024 0.4374277849029654 0.4211269029676166 21.068184145828234 1.9848328589794844 19.08335128056742
0.4283837867802159 0.4354243142949938 0.4213432602872851 20.93217745553838 2.000973976006473 18.931203473875993
0.43507749478784763 0.43964467326685386 0.4305103158758423 20.838212514228193 1.9983787060219005 18.839833793631435
0.4364488764158722 0.4388668577335442 0.43403089498543607 20.801275934181074 1.9791952304025417 18.822080713771555
0.42975322532902616 0.43588243655322534 0.4236240144249691 20.679921505224964 1.9797356616923192 18.700185855157184
0.4256500426614419 0.43098502618591655 0.42031505810664915 20.741993697455328 2.0153036249162506 18.726690067644537
0.4290119080734609 0.43694660126785645 0.4210772149311124 20.63698373136729 1.9826171454178156 18.654366591551007
0.4305931517810146 0.44501184308632696 0.4161744620166651 20.608495345080858 2.035383217063916 18.57311214147693
0.4316761256527006 0.4423470628221001 0.42100518862236747 20.407372546892095 1.9796548920554402 18.427717659377702
0.4261100718353868 0.43587063942051335 0.41634950400534065 20.43310098491446 1.9896336880913617 18.443467295952956
0.43827252428601393 0.44565396980747574 0.43089108030400136 20.367109600644913 1.996612292462892 18.370497323300718
0.4316453893539788 0.4353636035228949 0.42792717629685034 20.23313285791091 1.9580442111762444 18.27508865003168
0.43428520167868473 0.4399854957956868 0.4285849073789606 20.232874959054655 1.9909042915886772 18.241970657432166
0.43298885496044326 0.4392244865964668 0.4267532244293031 20.134205914326827 1.9604051580285504 18.17380078735143
0.44380437748261936 0.44931080958175146 0.4382979452242925 20.017922637453914 1.9283969897205813 18.08952562695872
0.4343696752585212 0.4393095089976967 0.42942984228661407 20.074705439544942 1.9773690914803177 18.097336345780505
0.43586276460738077 0.4427750093279435 0.42895051924448907 20.04202149384213 1.9727898135672521 18.069231676359248
0.43269968226961586 0.43859339121110785 0.4268059724760004 19.93457442391528 1.9762808941576602 17.958293516923042
0.4397686640502559 0.44606502324021524 0.43347230373650625 19.85307399069306 1.9678830690138096 17.885190923501106
0.4370568319781255 0.44697349001551523 0.42714017516543346 19.861610251186537 1.9550393300171751 17.90657095578465
0.440205053514699 0.44353505646978875 0.43687505158085893 19.863829567049542 1.9570511984129022 17.906778346230514
0.43243870226560965 0.43604831241010045 0.42882909271594166 19.73253577425532 1.9484756898379674 17.78406007207223
0.44738091999897733 0.45103927715225284 0.4437225643824956 19.628817951157146 1.9265331389096967 17.702284792914007
0.42541372980140696 0.42668645426639046 0.424141003718824 19.649946990021824 1.9484040838985766 17.70154290825781
0.4363232481435288 0.4424770023569161 0.4301694938955475 19.67852543740377 1.9658915153058776 17.71263392650298
0.4453097861685049 0.4444139663404726 0.4462056055794178 19.454078246642204 1.9299267099721589 17.524151523182862
0.43444519606928755 0.4404532661770433 0.4284371259275154 19.42710722776225 1.9416835211815626 17.48542373850398
0.4282989509915253 0.4315239506130817 0.4250739516251054 19.45309214000284 1.9958044864291693 17.457287668311682
0.4382759914555023 0.4441140813488897 0.43243790157717127 19.36407508771785 1.967600742123858 17.39647432683158
0.4337859264648023 0.44024820850741875 0.42732364292864955 19.3508186531763 1.9706456728796238 17.38017296856337
0.43290161140038746 0.43437939916010737 0.4314238229701907 19.3998338205971 1.990706047383103 17.409127744880035
0.42842242841262124 0.43015428055567456 0.4266905751254369 19.384136086832868 1.997934857261007 17.386201225275542
0.4360979080444922 0.44264634525330143 0.4295494698445197 19.189446039225935 1.9518873127054994 17.237558733155257
0.42951718499428543 0.43280506035234195 0.42622931040466566 19.240953047780224 1.9854286699181927 17.25552440929587
0.43102965207369387 0.4330231781797097 0.4290361266003677 19.233716684753876 1.9886936509002844 17.245023054363084
0.4270601958770604 0.42919517569242316 0.42492521721971677 19.10812508733603 1.986191107843914 17.121933973836203
0.43103152272175915 0.4328721243187815 0.4291909223594057 19.145094102969136 1.990137829275353 17.15495624768473
0.4331732390577613 0.43528345282415315 0.43106302502904986 19.067982343861658 1.9848521911423571 17.083130152556148
0.4216073584814223 0.4240158792397141 0.41919883797081176 19.140269370409694 2.0122703278206124 17.127999047945885
0.43298530873645397 0.4381138920405806 0.42785672657106777 18.98424995076047 1.9919587462379114 16.99229122556909
0.4292684048754129 0.43160840921486154 0.4269284002200775 18.98536012642575 2.000630423263477 16.98472972486141
0.4260154784942576 0.4284826338862198 0.42354832298163136 18.955299118139447 1.9832986338186438 16.972000488725893
0.4379923971179519 0.4398551807739053 0.43612961379393095 18.879904519032387 1.9820304275592313 16.897874115374837
0.4292713382067227 0.427743607272738 0.4307990692586495 18.887124143377708 1.9779498613555067 16.90917428283796
0.4306918408986806 0.4340420596910824 0.42734162193887876 18.938491093851354 2.023026360865057 16.915464744950732
0.43958799551023564 0.43761720337904353 0.4415587879510012 18.843717371025225 1.9738521125086033 16.869865247694246
0.42901587672871505 0.4335934319350712 0.4244383223071001 18.758094419963168 1.9787658973984474 16.779328513972082
0.4304665225382935 0.43341453231797944 0.4275185116515733 18.674925298151308 1.9763946376577781 16.698530657012967
0.42146972593864984 0.4204610263079077 0.4224784255034569 18.79808657861104 2.014564294721523 16.783522294168055
0.428133787184505 0.429956123759585 0.4263114501334672 18.691797169673183 2.0069596574091126 16.684837534262314
0.42177424478908854 0.424435858682457 0.4191126316763719 18.760387783285474 2.055889157020915 16.704498630805606
0.4328226730614955 0.43036322102178376 0.4352821245161565 18.609829322047478 2.00625492273456 16.603574401161968
0.431589031982895 0.4303070591507685 0.43287100562618464 18.654395631630056 2.042771270675381 16.611624349316543
0.42560485400765946 0.4276311085941814 0.4235786006154567 18.50201977386962 1.9942225236853544 16.507797244582733
0.42773503134618546 0.42456991554027695 0.430900147062366 18.546676055793345 2.0101901503810047 16.536485898668747
0.41664485286676534 0.4156703458692039 0.4176193605624071 18.574810802066413 2.070187407307816 16.5046234165665
0.4238283405128023 0.42258236841793617 0.42507431241233296 18.522184065006076 2.015286403143928 16.506897673989734
0.43431370300206823 0.4323845678321906 0.4362428381607399 18.336051505630035 2.018915019059268 16.317136472267826
0.42725054983280764 0.4255279456832477 0.42897315464570124 18.33750124830399 2.0231000626065434 16.314401195540917
0.43365956510478343 0.43438626216705606 0.432932866772511 18.399694906099 2.034133091541755 16.36556183225917
0.42944401224572076 0.4277649782451703 0.4311230457702271 18.32199311430437 2.0090594157087107 16.312933697752708
0.4227585171979859 0.41829408657959394 0.42722294796309196 18.428400054900315 2.045190318902261 16.383209740811022
0.43851156394255697 0.4399792686730454 0.43704385932426165 18.21957031349196 1.9830711058674066 16.236499222090643
0.43548448120896455 0.43093775297122033 0.44003120785405736 18.292523159380377 2.0216077078868 16.27091542995759
0.41652289381162366 0.41418860723731427 0.41885717922012683 18.33380175441721 2.040283902446284 16.293517838646896
0.4292359330698195 0.4281744873784776 0.4302973782619883 18.26063723633759 2.0477602760966893 16.212876952042546
0.42592473738711245 0.4264076559865827 0.4254418191037746 18.288140613232216 2.0681930810865694 16.219947537801563
0.42553384653394566 0.42049202502668087 0.4305756677785059 18.261193512129957 2.0244758675677064 16.23671764624815
0.4294337119234141 0.43021175677904133 0.42865566678606926 18.09431369657064 1.9971588581909228 16.097154845068925
0.43179073336663365 0.43088119924866153 0.4327002673131162 18.162596786979343 2.016839885282038 16.145756872248477
0.4307926733991689 0.42998960291088156 0.43159574384475635 18.107133014576277 2.0338844020925735 16.073248602177976
0.43036290763343693 0.42501208420642556 0.43571373083712417 18.11640033495687 2.0329229900083186 16.08347734384728
0.42219202137674566 0.4209677294297331 0.4234163127967027 18.083324463263047 2.060216998722214 16.023107467341596
0.41998010503304917 0.41959634780587757 0.42036386238866535 18.089902844307197 2.0450415596039626 16.04486124859239
0.4170753113011129 0.41656644204876814 0.41758418022603966 18.079107935193683 2.0487088720402578 16.03039906799358
0.42002867187465115 0.41525986252214936 0.4247974797906558 18.16663694381714 2.0929958188131343 16.073641140748116
0.41637320767231556 0.4165822517889287 0.41616416469396494 18.104050727656286 2.07773814399312 16.026312595301302
0.4184790719776367 0.41865117997676726 0.41830696363127823 18.068522685853235 2.097108456231382 15.97141425692252
0.4177565284924799 0.41336148636908243 0.42215157099481143 18.069351896317336 2.099565749892788 15.969786148110446
0.4277938873588658 0.4256094382792343 0.4299783374881372 17.95287482473102 2.0640944616094123 15.888780367852998
0.4233964620545561 0.41996217054158985 0.4268307538115059 17.993691038258753 2.0616865834071687 15.93200445936544
0.4239176139065547 0.42009573402069394 0.4277394936686844 17.954490327051957 2.0800295952489996 15.87446073850576
0.4211367893909668 0.4174509050845189 0.4248226738201767 18.003584110823862 2.0897020468637892 15.91388207282463
0.42532186319942783 0.4183860542429248 0.43225767018900585 17.871453588896426 2.0749671220453116 15.79648646810194
0.41725120323805315 0.4152864743380792 0.4192159316017306 17.971614643170014 2.1050837424440973 15.866530893057803
0.41779179071130595 0.41449930758146336 0.4210842729882417 17.916997059418335 2.084514352146291 15.832482703954634
0.428205892154743 0.42828850647163524 0.42812327836660574 17.83445354382487 2.086509234768196 15.747944303998983
0.4130624532954509 0.4111238742800303 0.41500103193969146 17.847130081514372 2.112844878467765 15.734285200164265
0.4102608791253373 0.4057596527774186 0.41476210520154944 17.964232887882385 2.1522464602641818 15.811986419406251
0.43246174076857574 0.42661301827697207 0.43831046351680303 17.80608543166279 2.07888526754984 15.7272001652822
0.42100432910446595 0.4158589460894556 0.42614971220163617 17.794337870213237 2.0559340110116633 15.738403855231557
0.4228066689790274 0.4193963698039658 0.4262169679205348 17.770501265560622 2.0797320769379173 15.690769187616606
0.4211866263653675 0.4210819938690312 0.42129125905709247 17.795047115235434 2.100358940280267 15.694688185288088
0.41206805922267753 0.4076238128771591 0.41651230603736916 17.852350869317995 2.132495336343337 15.719855548365272
0.4117738695324052 0.41303164530086345 0.41051609403229433 17.83565638948531 2.137508433250996 15.698147940592174
0.42137996162063557 0.4151498043555059 0.4276101186014984 17.774942095044757 2.1093967883936027 15.665545280941211
0.41516279540344203 0.4091312754699042 0.4211943152209363 17.68839483278511 2.085417338748918 15.602977484899716
0.42690394284461974 0.41973860020128745 0.43406928498909747 17.6453361576491 2.065195349854057 15.580140821472572
0.41947622897178205 0.41613343099472505 0.4228190278224851 17.65610090050384 2.108755790567311 15.5473451160819
0.42348310355790447 0.4181228423511355 0.4288433646735647 17.657315490454653 2.0782265663146973 15.579088931753688
0.4280411378296949 0.4197566598677905 0.4363256146677559 17.57700080223327 2.0736578965056554 15.503342900941842
0.4268020804143803 0.42635581014755636 0.42724835040662984 17.571143350897046 2.0976930670712117 15.473450295028895
0.4144001157115635 0.4105558586782131 0.41824437188236113 17.618394269995445 2.1236050617031372 15.49478919945494
0.4253025570710999 0.4196909319682402 0.43091418302488804 17.569019450323424 2.120360922421852 15.448658501144743
0.4042458017254724 0.399744038914361 0.4087475633072789 17.629551430253215 2.140232330528054 15.489319100649688
0.42056144683377095 0.41870118250690014 0.42242171077047524 17.65901559961103 2.1418501479129723 15.517165453329573
0.4146392076407104 0.4032770381627747 0.4260013766653061 17.557862549150077 2.1204477195104543 15.437414828769482
0.4318961961157484 0.42559269854646914 0.4381996941460419 17.482716730041226 2.0694850135567413 15.413231728394535
0.41466470527204335 0.41181836378785913 0.41751104637888686 17.566274798046933 2.125356119207657 15.440918688138906
0.4302689684486955 0.4259760598706502 0.4345618765287094 17.43268875070732 2.079337261807527 15.353351503610611
0.4241135109990944 0.4151044496764132 0.4331225718747158 17.39131567621753 2.0544202131130835 15.33689543278548
0.42285543202803244 0.4173079457415593 0.4284029183191261 17.541280144975133 2.111184790295406 15.430095367514305
0.41079105651787867 0.40450602574429817 0.41707608680985186 17.512330035441114 2.1143713649498284 15.397958656732182
0.42613093634170013 0.4223237770897834 0.42993809456298004 17.47488874697337 2.1117312873502936 15.363157455177202
0.42303697354615716 0.4195407248368949 0.4265332223008808 17.355382665012876 2.0810820347745054 15.274300636492507
0.42109313573226004 0.41471676167924815 0.4274695111667214 17.474671408207747 2.129000399560824 15.34567100429622
0.41740635060705245 0.40840219349859974 0.4264105073580804 17.411777880940125 2.111534429945215 15.300243448928326
0.4094091514907233 0.40143081312053785 0.4173874906053933 17.451441669986195 2.1569605916194674 15.294481076572064
0.42957915729387613 0.42432314657890613 0.4348351680807494 17.36474981577727 2.09647732032259 15.268272479737762
0.407629134577026 0.4044440746853322 0.41081419456614193 17.48759408284278 2.1383352087144436 15.349258855094005
0.42198237320952064 0.41644442706132206 0.4275203189208431 17.368673646972127 2.1313170717254173 15.237356561052538
0.426824548070992 0.41831481420982247 0.43533428271860225 17.28220161491067 2.1160695246645136 15.166132082795574
0.4246075042868866 0.4200119368942713 0.4292030701792738 17.247019884142563 2.078728760952932 15.168291122373873
0.4315099054267698 0.42439730692169747 0.438622503390155 17.256877074276442 2.099551290926272 15.15732577660658
0.4164514786353076 0.4123658380568041 0.42053711876811894 17.2960790082486 2.083852480797872 15.212226542134355
0.4169948358980116 0.41491257324930575 0.41907709827867545 17.285778736546092 2.1183868857630848 15.167391824243712
0.4172152818901206 0.4094704009993401 0.4249601628475 17.365444576435717 2.1453134641051292 15.220131117497047
0.42976568353253614 0.41951855333039945 0.4400128125184195 17.257414139970376 2.107958810662266 15.1494553222926
0.410245764657284 0.40572835475444147 0.4147631754609246 17.286184518224132 2.1335839752080665 15.152600560527649
0.41762940582554164 0.4098934056180513 0.4253654056007763 17.258785679610106 2.14094514866108 15.117840554048545
0.42232199719372837 0.41632949586309337 0.4283144977105183 17.205345822076726 2.120011051749661 15.085334796757593
0.4213465469138167 0.4145734262782069 0.4281196673885056 17.165193891003184 2.0913108513303045 15.073883066212174
0.43069864686809645 0.4221938495297133 0.43920344516446297 17.096938654019013 2.0540214390867817 15.042917203185333
0.40413617628735293 0.3994882542413002 0.4087840981813773 17.30334524995219 2.1787468337447105 15.124598411095404
0.4291210270573446 0.419233658283343 0.4390083949432545 17.112671037442492 2.0954479561833135 15.017223086235298
0.4252964698311866 0.4179749316830115 0.4326180070345494 17.17495253529862 2.079589497651497 15.095363041453988
0.41985979942387364 0.4110626613213103 0.42865693742786637 17.099628725843708 2.091129141676165 15.008499612229583
0.4178456871449118 0.41036756476174946 0.42532380782135754 17.150911933966796 2.1200753328302047 15.030836592625528
0.42127933907560516 0.416518168991534 0.4260405089147899 17.148754866888922 2.1316757256532237 15.017079172016931
0.4291345580178483 0.4190504403525061 0.43921867594501873 17.0958751296475 2.1217295554650093 14.974145571245764
0.42588049533647776 0.41916492763855945 0.4325960626762809 17.027232290401948 2.114599732043099 14.91263255825008
0.41452966216122256 0.41313349715495407 0.4159258276200343 17.140369186871244 2.130366687737677 15.010002494402176
0.4246120469518903 0.41836193353184126 0.43086216033455055 17.08994155882919 2.1404302950513405 14.94951127360772
0.43027456368346884 0.42092602763452547 0.43962310120143866 17.00299787129799 2.074092691016458 14.928905202959577
0.42543826288931125 0.41415496003731406 0.43672156564438425 17.02400460143159 2.0938221640667343 14.930182469804791
0.4221317292824999 0.4153743692319956 0.4288890894228783 17.043744354352462 2.1007069000688783 14.943037451836314
0.41653429271898024 0.41195457736387114 0.42111400883078887 16.98110622950714 2.1176022475544554 14.86350396471302
0.41332398901734313 0.4072593549125931 0.41938862291990653 17.09635258460567 2.150162803158708 14.946189743758989
0.4130580520166431 0.408803539281879 0.4173125660556358 17.118265986877635 2.1456648828665705 14.97260111265809
0.40827907062047264 0.4033030549533588 0.41325508641953457 17.06016053879348 2.1539263723513287 14.906234182580544
0.41812811160322455 0.4098102709866489 0.4264459524530557 17.039316258508794 2.142674919788855 14.896641352859726
0.42023805344823995 0.4145298300622428 0.42594627626699116 17.027258661106554 2.144345003921185 14.882913662678133
0.42295695339961753 0.4142638842783865 0.43165002444212625 17.081757812169347 2.15328418613024 14.928473611382673
0.42900814976114915 0.4241317475353109 0.4338845512748995 16.982395363115046 2.107928994526393 14.874466377344445
0.41479328797151244 0.4076043325967077 0.4219822425728351 16.969840888124313 2.1559649027041057 14.813875963326788
