0.5777997072837124 0.5897300979045973 0.5658693161525138 24.079927661320934 1.4351309087178479 22.644796773832137
0.3458787899107149 0.3680343034409293 0.32372327555124075 22.718595251318526 2.269056482837625 20.44953878807695
0.3033144890547615 0.3324639266950066 0.2741650530430552 23.077666187286376 2.6919629982073014 20.385703175688445
0.4474859833002907 0.4612383804449888 0.4337335842291582 22.37343459325294 1.9360685297887619 20.437366013984157
0.47348689494067675 0.49873834235772285 0.4482354466535457 22.250289690984438 1.795681661204116 20.45460801647134
0.3727664753539513 0.3998486176362797 0.34568433503377927 22.536829002589396 2.2579095396277022 20.278919435527225
0.41376053896056464 0.4255456706738635 0.40197540403994386 22.562215748878373 2.1186587248762994 20.443556975011955
0.4385125018860379 0.45056218980262946 0.426462812043012 22.49324268968138 1.921588703704207 20.57165399316239
0.4510995294847717 0.4632371663434865 0.4389618932078146 22.430130112007873 1.8896545326056546 20.54047562128877
0.44681188017129897 0.4684738367183568 0.42514992198103096 22.476510199455365 1.8936713350145784 20.58283886517564
0.48526507658909446 0.5189983875069716 0.4515317663040063 21.91254902539188 1.835119667608444 20.07742940563045
0.4380953182912853 0.4655405777366194 0.4106500610505065 22.021516452423512 1.977496860370244 20.044019585439603
0.4107684253217423 0.44468944458520576 0.3768474065634894 22.05648115889667 2.159932870489277 19.896548327354537
0.43382371856945834 0.46233663358916977 0.40531080596863406 22.104473358311065 2.0481373925731607 20.05633595936919
0.4084229822130236 0.43678584748955623 0.380060113522492 22.026359026399376 2.108486833637708 19.91787222509515
0.3933298327947316 0.4044176244419323 0.38224203958597086 22.294626685364605 2.2144958926390297 20.080130805054758
0.4255139840792303 0.43940251355301846 0.411625453074501 22.385675102390657 2.0674074353420573 20.31826764328839
0.4184411549813127 0.4490697624289418 0.38781254693151335 22.36236054668688 2.142775556975848 20.219585021554607
0.41651496415677136 0.4334143819057778 0.39961554277943423 22.500045440621573 2.118624611750041 20.38142081221489
0.42867441537649664 0.4520818815911061 0.40526694909044325 22.31231620736318 2.052681266445003 20.259634972925056
0.4105916374146122 0.43518495545403596 0.3859983199722555 22.83392664504378 2.2973420045963704 20.536584606562574
0.4329776324740011 0.46190481840390457 0.40405044933806544 22.933472911625692 2.1450378078303927 20.788435090078067
0.4360214803418885 0.44999673732951895 0.4220462225683748 22.779959362500335 2.135597639459453 20.64436169846417
0.4078232832355042 0.4243511345339556 0.3912954320340124 22.8952782056103 2.1662881603796187 20.728990055763557
0.4010586585390241 0.42228450531981987 0.37983281044672207 22.97232841334931 2.2605061432270155 20.71182221582491
0.4190639507076512 0.43932468223653426 0.3988032179514635 22.903841444564193 2.1382097569230485 20.76563165351136
0.4339834308430348 0.45319354184073946 0.4147733196361016 22.878247805817487 2.039266243454528 20.83898159183868
0.4485366878546264 0.46064824954900024 0.43642512583620335 22.773283532547623 2.0047002799706917 20.768583293810284
0.3932459253766765 0.40459109216622297 0.38190075792372224 22.75725238094591 2.1680859789456406 20.589166403469974
0.43822773771539125 0.4483636952069116 0.4280917818237045 22.808251469755827 1.9931532043708513 20.815098303964692
0.4196733838993393 0.4359583857609597 0.4033883827138845 23.193945482332413 2.2118144713852503 20.98213100237389
0.442919027085786 0.4558606358270531 0.4299774196636799 23.00647593589678 2.132528138201531 20.873947871221255
0.4110350912564421 0.4273360391644991 0.39473414257270834 23.020898007693354 2.0968777501419797 20.924020234199418
0.4406514712596593 0.4558191561408035 0.42548378637341194 23.08172969687475 2.090262726561664 20.99146695920866
0.4373479002448794 0.449330017659558 0.42536578292205723 22.73137785114654 1.9727292399700374 20.75864861370766
0.4489333405784548 0.45635237478179064 0.44151430575763934 22.743939826913074 1.9725886190182542 20.771351181317684
0.4483574537279671 0.4544975103121506 0.44221739524286496 22.723554896001946 1.9216189987447163 20.801935933387444
0.4580773126078795 0.48245847228251093 0.43369615443739784 22.413454311841154 1.9451765410295905 20.46827780906468
0.4578850188790119 0.4738288681979661 0.44194117100296976 22.314989494950805 1.9016621576596613 20.413327355580787
0.4432016708365042 0.4444768620859066 0.4419264791431288 22.25312394573264 1.9241931567453359 20.32893081560527
0.4286333919796225 0.43295748650466337 0.4243092987724669 22.97294754655394 2.047759631480256 20.925187866655115
0.44154616310580136 0.45172542256035214 0.43136690554961765 22.830583615499 1.9720276310019298 20.85855597992466
0.4688052841041186 0.4775188581329094 0.460091709452745 22.655518765645486 1.914983331748884 20.740535402951174
0.45696907112859697 0.47703507215499064 0.4369030692678404 22.45683352587974 1.8632038588393225 20.593629669816526
0.4378590456529023 0.4481190947254431 0.42759899568731247 22.398658237718557 1.922104883683871 20.476553338194545
0.45611286457270794 0.473858354967853 0.4383673733444757 22.194000705300944 1.9015912227434655 20.292409525178883
0.45531302161820947 0.4734132485413184 0.43721279354817044 21.827661674969818 1.8514985429097528 19.976163111647516
0.447766226713788 0.45837055016309025 0.4371619041549833 21.868512787231026 1.9076837805035995 19.9608290149741
0.46328124082455896 0.47365924091882083 0.45290324184022945 21.68056000748726 1.8416176875160164 19.83894233572973
0.45784800946712495 0.47110278817174367 0.44459322932342143 21.48045856136165 1.846832929572014 19.633625622318217
0.46610946664459085 0.4914582872571908 0.44076064874430837 22.516276132243952 1.8739239389765752 20.642352199554445
0.4539326221618342 0.46559392175292724 0.4422713204912127 22.159134815163807 1.869146449394422 20.289988407370164
0.4498236256205056 0.46117761597700724 0.4384696356122931 21.91925917847516 1.862752219503873 20.05650699824503
0.4556766798949405 0.4592718318742636 0.4520815290229982 21.823382828333607 1.8582775860616605 19.96510522790151
0.4731806065529993 0.4781665798480788 0.46819463208164663 21.74855542901444 1.8288433150069354 19.919712071876003
0.4528708216058065 0.4750343305556333 0.4307073142124365 21.55887814613238 1.898989229822812 19.65988894292753
0.46811540310513483 0.4765408368296411 0.4596899702073368 21.40508795568388 1.7997139830295354 19.605373970449786
0.4593203182089819 0.4676855841651559 0.45095505189303664 21.263811374037232 1.8300247405489831 19.433786646307333
0.46594728923415485 0.47831304457855145 0.45358153367032333 21.05007768395829 1.855063211427976 19.19501448788055
0.4537980237235762 0.4549644861051379 0.4526315592510039 21.045560026822024 1.802584499447313 19.24297551455563
0.466202887331378 0.4758578095176857 0.45654796500728556 22.03220269582043 1.8398738580207301 20.19232889136223
0.4583960504513489 0.46967539843171835 0.4471167021928585 21.68842268382033 1.8869568557771919 19.801465771296254
0.4429958094778943 0.4553700213907414 0.43062159985508003 21.749156984564376 1.8847290306058648 19.864427929708402
0.4664790833955758 0.47647678292522283 0.4564813833785792 21.384630386143513 1.8491103662203436 19.53552000816554
0.453806680971629 0.4590581325903433 0.44855523208692055 21.25062225812102 1.8673785523192523 19.383243662037263
0.4607762523199597 0.47147129305370455 0.4500812137639788 20.94468424287561 1.8845236953807203 19.060160559170868
0.46452756317919247 0.4652132903468119 0.46384183690207054 20.90813876700728 1.7964415257924224 19.11169725574859
0.45247089891401054 0.4679070440669582 0.43703475385291934 20.713758132882315 1.8127042796513806 18.90105380293441
0.45944266237624704 0.47034631936670573 0.4485390035205916 20.77036970216934 1.8581859396745082 18.912183779886323
0.4760338405631993 0.47640635330127934 0.4756613241687213 20.590990406193146 1.7951020577182508 18.795888344229084
0.43955036047590923 0.44685098172918164 0.4322497384724756 21.550232696533204 1.8837031041514383 19.666529565967927
0.46023601836537664 0.471719973159265 0.4487520642502055 21.247578218538468 1.8712397010359045 19.376338441404577
0.4671333514460146 0.4747896537465388 0.45947704883419893 21.179739660759495 1.905375015572326 19.274364649106378
0.4770660411617527 0.482458835794297 0.4716732476659323 20.84651555361813 1.8121667910928596 19.034348723659775
0.4513722160397327 0.46557138854931174 0.4371730421682539 20.766616303953406 1.8367805086586573 18.929835776760154
0.4521708114863667 0.4560566246254395 0.44828500097030644 20.678075066657915 1.813387691158138 18.864687372886973
0.4547131319211362 0.46330435998890906 0.44612190604005775 20.386375811328627 1.8499574016218316 18.53641843207895
0.4621292953315663 0.46953722440880047 0.4547213671703453 20.364191324416904 1.8241436669271287 18.54004771284861
0.4544081005739839 0.45826179370003406 0.45055440684193615 20.082111962200845 1.8068244164120661 18.275287557628058
0.4534745613904032 0.4545515558771687 0.45239756530635566 20.261364765689798 1.8786333136362572 18.382731488632828
0.4353070912295825 0.4467719556623432 0.42384222804836624 21.203440856933593 1.9539346602681564 19.2495062423079
0.4467855254264727 0.4472388702884878 0.44633217968863165 20.836576408229462 1.8680688324856431 18.96850757076316
0.44890378944779913 0.45834241862319514 0.43946516141295433 20.76513179883565 1.8973412646006231 18.867790538970738
0.46234715228823764 0.4709426869408623 0.45375161598857544 20.46005108977017 1.8853276109042234 18.574723440980257
0.4570073989258237 0.4628651667781787 0.4511496311946683 20.28143139408059 1.8279031727411976 18.453528184760106
0.4523481787195148 0.4670996098268828 0.43759674923877195 20.190151225050833 1.8800268634541395 18.310124361351743
0.4449185279287296 0.4512100391051643 0.4386270178175748 20.10371784184077 1.8677772682007046 18.23594055502382
0.44900986299122847 0.45101662206221116 0.4470031030833313 19.817897906368724 1.8742130593077777 17.943684861431382
0.4588192800850901 0.46498737262102635 0.4526511866037976 19.703564071655272 1.8552501636008694 17.848313926017447
0.4325322598525106 0.4380440845383867 0.42702043690297703 19.859139106698233 1.9215575296584875 17.937581569854526
0.44373114272339703 0.46018226997773737 0.4272800160329534 20.811440343726172 1.98910111368519 18.82233923363359
0.43281874300478257 0.4441846396805948 0.42145284829686763 20.5346622048992 1.9950882634071454 18.539573949657076
0.4327178277942824 0.4406862127160883 0.42474944215931304 20.287505519553406 1.9753959260574758 18.3121095814117
0.44043923496995885 0.44712053626035786 0.4337579338900643 20.081430480904775 1.9504665353526809 18.130963974782865
0.43167746098431414 0.4318213546699653 0.4315335691077252 19.97648328755 1.9074307015497391 18.069052619803443
0.43976546962783764 0.4443958148870566 0.4351351234666391 19.7950738345107 1.9041298771557742 17.890943932859866
0.44782838221282173 0.46182523277294757 0.433831529770914 19.79562362906051 1.9691088101635241 17.826514811058566
0.44713522872492056 0.4588867133948952 0.43538374458886175 19.62035353151086 1.9161409298034564 17.70421260415691
0.45517111138938227 0.46107504753753137 0.4492671780594408 19.373433195401546 1.9100293518745737 17.463403840914165
0.4525140383982495 0.46789418168889024 0.4371338939536618 19.37682577159307 1.8764297514745634 17.500395996929846
0.43186258089358676 0.4345056959364104 0.4292194669530408 20.267602468516728 1.967591362130152 18.300011056090053
0.4288316057714289 0.42806723951234493 0.4295959717862002 20.22622986231765 1.9806261608861897 18.245603693348087
0.43162062498804643 0.4338964206416938 0.4293448293505058 20.10158101369257 2.0131313273351488 18.08844967476309
0.44498903675846857 0.4505808486577685 0.4393972246639737 19.92159618482198 1.9424032085562406 17.979192951933978
0.43635308281199575 0.4453732503629098 0.427332914513472 19.675730236262492 1.9629832529041864 17.71274694743222
0.4478309745657934 0.45823964358001235 0.43742230468467896 19.43746609622485 1.9060571652569183 17.531408939622853
0.441705117017439 0.45473044164198106 0.42867979229721304 19.387686615774076 1.9321390320176948 17.45554755354581
0.45989155303942014 0.4685488050318744 0.45123429708693125 18.976124090691137 1.8326895806172938 17.143434480771628
0.46253630294375225 0.466939636702611 0.45813296856231067 18.975738436555208 1.8497403357126943 17.125998099862713
0.4460015554848599 0.4516741345754557 0.44032897665994625 19.010365672960674 1.8814217552746813 17.12894389531384
0.4155078007852378 0.42327733067859424 0.4077382722410233 20.13159581145195 2.0167207794646695 18.114875049460423
0.44669667798260304 0.45347591790526925 0.4399174360532875 20.001840641073986 2.035500416527056 17.966340236141257
0.42855918742716315 0.4404300168848737 0.4166883571609242 19.543501384944133 1.9728045525616162 17.570696854264767
0.44069714193066506 0.45443571719742853 0.42695856635548074 19.352973020893252 1.96643992944123 17.386533098351464
0.4608206801116467 0.4704440563898023 0.4511973047960703 19.337221209643637 1.9166292941733583 17.420591899793443
0.45031041088577817 0.4625345728168749 0.43808624633422044 19.0992653964317 1.8794859426478816 17.219779477054125
0.4480166745920704 0.45578686232002424 0.44024648627853147 18.898493350695258 1.8450706009995448 17.053422743000397
0.46047770737172805 0.4609360927269373 0.4600193197800689 18.85124014371062 1.8570242049759382 16.994215962004986
0.45735541051381257 0.465018785700253 0.4496920358848898 18.80058733273859 1.8274196534124139 16.973167716640315
0.45381882546903335 0.4627325500642294 0.4449051009184898 18.715286819248984 1.8994253758698294 16.81586140867782
0.42044771585154206 0.4353802897838225 0.40551514129269206 19.59606770554634 1.9940578559490099 17.602009822244515
0.4323905824849459 0.44144850140118536 0.42333266293272787 19.384212679405735 1.9871097992544304 17.397102860228657
0.43455204001232367 0.44767964905867835 0.42142443258621515 19.322564186461985 1.9937927791517074 17.328771431152134
0.4631879368847976 0.47296964889456045 0.45340622819398774 19.094350492137753 1.9252325298034982 17.169117966743364
0.44060416294083204 0.44626040781835374 0.4349479203456885 19.040148096215233 1.9586416432302292 17.081506443676883
0.44165735623403773 0.44882473715785126 0.43448997282053103 18.8484469270053 1.9555536600008403 16.892893290846317
0.4514569355608666 0.45089433705497994 0.45201953438250986 18.59430524486385 1.89321619655988 16.70108909410973
0.46091345943612594 0.4651050486844288 0.45672186938152737 18.502675590776416 1.851914148542979 16.650761435129873
0.4478611409562091 0.45331050572145015 0.4424117772903753 18.621492084085126 1.9172582206660753 16.704233839740493
0.4629491714684114 0.4647182261832824 0.4611801174609628 18.37606498835838 1.8722747098909664 16.503790260994272
0.4205960086151345 0.41936268508019664 0.42182933283484964 19.437939080800096 2.0311264510840585 17.40681263192059
0.4467094868217429 0.4524721709242703 0.4409468007848075 19.073751035455157 2.012091664418782 17.06165933739649
0.43866832962591357 0.4493162949020936 0.4280203639823076 19.02871555694162 1.9445597562071395 17.08415575092786
0.4356735460817406 0.44428371576120285 0.42706337703187786 18.8127266844658 1.9373638729526572 16.875362782935575
0.4537725564041366 0.4589328306189687 0.4486122821700083 18.581391056269815 1.915251275039699 16.666139771840342
0.4579613509855858 0.4618211412292025 0.4541015613415878 18.38172384680134 1.9074890804617373 16.474234754745275
0.46939133164817337 0.46900897464038777 0.4697736878152171 18.4002910333137 1.8687161750989418 16.53157488744553
0.45597887029998924 0.46302092172817827 0.4489368211988309 18.41683518004744 1.9146199758738687 16.502215190782938
0.4530223847966488 0.46162233484258286 0.44442243483938176 18.238177281209868 1.892808800854095 16.345368435611462
0.4661687541497897 0.46991684339838485 0.46242066219653166 17.911222836742663 1.854192240760751 16.057030600717624
0.42514118543532614 0.4374919229512396 0.412790447437804 18.97189155866022 2.0072444894542434 16.964647076881096
0.43755944229866545 0.4379018780740284 0.43721700895016324 18.95815067748501 2.017573428643893 16.940577200014296
0.439680829674822 0.4472794107955638 0.4320822493415581 18.797408467122953 1.9893756470451616 16.80803284906361
0.4405606916352902 0.4474258703925194 0.4336955114969448 18.555798975408894 2.00522697465877 16.55057197662249
0.43715198253319687 0.4412410154578289 0.43306294953297464 18.383741529020543 1.935268828068694 16.44847266772022
0.4483286947624324 0.45337529581052904 0.44328209373538624 18.30594573870097 1.9706471807336154 16.335298524490774
0.4471829753522187 0.45690142980853277 0.4374645192507807 18.312983421430197 1.972903925098785 16.340079483267377
0.4517197306944083 0.45609673572248105 0.4473427258891194 18.134479026271872 1.933066141931978 16.201412876338175
0.45039223156971475 0.4476876351912187 0.45309682604793 18.051962634308698 1.923506538345389 16.128456111150246
0.44918328397078056 0.4480599054052456 0.4503066644225627 17.844569445309574 1.8873600932016765 15.95720943947361
0.4229767080141257 0.4332743813076427 0.41267903488741753 18.794258493919894 2.0071893273967585 16.787069140395072
0.4247202284838239 0.4385953370784728 0.41084511917441674 18.818692974195088 2.0755533505792485 16.7431396072858
0.44662340809527323 0.4511104678320507 0.44213634678354 18.405588526268527 1.9935387810615643 16.412049751085778
0.43646281900471207 0.4371575364973779 0.435768101116872 18.34147747902021 1.9870487035953834 16.3544287439895
0.4402399049893226 0.4429524763490469 0.43752733085253465 18.22760084230606 1.9506959529772196 16.27690490631208
0.4468518074857046 0.4503005644392656 0.4434030501478135 18.14507030722213 1.964022814982558 16.181047517959385
0.46135079250352024 0.4570606450470522 0.4656409405694943 17.849705440050936 1.9335029794745249 15.916202426936529
0.44484552259824867 0.45013680527535305 0.4395542413812794 18.08038515326095 1.9897730757112373 16.090612051584948
0.45842994133087056 0.4603256153343054 0.45653426582886747 17.595141141708584 1.8450622779049286 15.750078915243279
0.48446563532295295 0.48761751574260015 0.4813137558225083 17.57694142485318 1.8105506839817518 15.766390761937181
