0.5955587236848596 0.6051940763037499 0.5859233718212337 23.851720926206404 1.3380109450588487 22.513710024585464
0.35868339879463795 0.3786176793991703 0.3387491199557912 22.64305555003963 2.1360364825758213 20.507019054726378
0.32054314618955737 0.3603422728998663 0.28074402043162144 22.863871840908104 2.4600984563157984 20.403773386184483
0.49642871104895253 0.5200784463983998 0.47277897534100977 22.21185157331702 1.755750941577023 20.456100655908454
0.497663089224737 0.5148406672967624 0.4804855112139493 22.071649932861327 1.6286875858698806 20.4429623682205
0.43201599415034464 0.46080635614591103 0.4032256326242669 22.346740901633485 1.993576764733824 20.35316414506468
0.3950828452530789 0.41726195437910213 0.3729037350222264 22.43722966207217 2.180446672276275 20.256782953053303
0.40951291681969004 0.4385204654761067 0.38050537037931076 22.330987380302115 2.069186973081876 20.261800404117533
0.4325385057660815 0.4517159522447276 0.4133610620737484 22.526471576951955 2.041654228510922 20.484817366404076
0.4412747177257113 0.46658188807331535 0.41596754715356926 22.553325838585423 2.0175421608637456 20.53578367821158
0.4980225950275382 0.5089408618946598 0.4871043324878771 22.1496607140319 1.92528178483656 20.22437890784381
0.4338833064657368 0.4564444553566306 0.4113221556458571 22.44945793282496 2.054034474941149 20.395423460006715
0.4298832831011243 0.45480781450663527 0.40495875135370313 22.339272450747554 2.069346604281909 20.269925854304066
0.4363233737749596 0.46394507149106834 0.4087016757832815 22.219851165928254 2.004631312824275 20.21521987915039
0.41621788227803086 0.4369068955517795 0.39552886906041673 22.170114621724167 2.023818402135209 20.146296240532234
0.4397833575839049 0.46117651149222294 0.418390203308161 22.359352539010242 2.0361137301954506 20.323238749046848
0.42301553036660366 0.4404530801491378 0.4055779791705004 22.438448589795257 2.0733528731620474 20.365095691811547
0.40506437540258444 0.416252512377623 0.3938762372895463 22.48886742265257 2.169247370876678 20.31962007627095
0.4089135119053599 0.42369027982325586 0.3941367434465314 22.742549277005132 2.2216007948330003 20.520948467515918
0.4237662864057985 0.436791568693437 0.4107410041947071 22.695549774169923 2.1269828151350154 20.56856694352137
0.4407389331251791 0.4555359676174105 0.42594189865080867 22.55666145037298 2.1231635191669205 20.43349790965041
0.4136751536330948 0.4431235376796494 0.3842267717808893 22.64998739059657 2.1791621854043988 20.470825246262223
0.41989459475017576 0.43747379483578547 0.4023153967338882 22.598058893909194 2.1017010628360593 20.49635782960343
0.41896600268066747 0.4471032068235417 0.390828797367899 22.743618084633187 2.1460178160504118 20.59760030263091
0.4158726637851294 0.42618445316457176 0.4055608726017279 22.564619406608685 2.1063006439029355 20.45831876911529
0.4345880908304698 0.4523590813888467 0.41681709952193174 22.794805812835694 2.0723646053712663 20.722441242818963
0.4169794717165705 0.4267381482413166 0.4072207955694566 22.766180289281557 2.0708501530020205 20.695330190005368
0.41134721946022285 0.4329438836913403 0.3897505548578521 22.56316815990291 2.1262711018732148 20.436897072726733
0.4292574833211017 0.438220254622706 0.4202947130835015 22.618045254276222 2.0949897730187192 20.52305551228458
0.4305434005615646 0.4411634710298417 0.4199233326729234 22.500721203790953 2.063825339895405 20.436895811394468
0.424131676187254 0.44664654031217305 0.40161681227283935 22.961618132134006 2.146799614903045 20.81481855732121
0.4187411915000579 0.4297060666299642 0.4077763177505503 22.798003531155523 2.2006769884530812 20.597326596142494
0.42392022979688154 0.43821219455144583 0.4096282637971517 22.66224844423059 2.0660068177197077 20.596241668152484
0.4485275425935445 0.4604758011228214 0.43657928561817294 22.628227282223637 1.923462368200903 20.704764914839235
0.4368452229524312 0.4537492302718432 0.4199412150436068 22.51616841277031 2.0377061768753886 20.47846225124516
0.4317767303896277 0.44504247213369363 0.41851098919925217 22.404099888997536 2.0358491483616503 20.368250695320025
0.43618464563807396 0.443553278962635 0.42881601187719465 22.36209376740129 2.04303411212686 20.319059626696863
0.44578846717534 0.4564995439621071 0.43507739035795406 22.354284215953253 1.9670219812899419 20.38726223723529
0.4354859412635026 0.4329612322917131 0.4380106524704662 22.13610878905205 1.9355422103037574 20.200566559621734
0.4597659302186476 0.47686470094302746 0.4426671596550166 22.1870351033668 1.9326847652049914 20.254350282721322
0.4436754092165869 0.46118422063093073 0.4261665978252071 22.88107206527501 1.987969877295298 20.893102147481212
0.4392130968811577 0.44273674313795486 0.43568945079276417 22.52593101475337 1.9512407533518255 20.574690266178077
0.4541813306714574 0.4806688548971529 0.4276938060170984 22.43137784984014 1.9691665591442422 20.462211313639603
0.43727365256580586 0.4399150693087443 0.4346322350663273 22.086812300224828 1.9077111386273005 20.17910115816822
0.46475132487408105 0.4784938104067967 0.45100883719549606 21.974276299672585 1.8897814246073161 20.08449487294236
0.4478965550559024 0.4585730842735669 0.4372200267976277 21.866551579514596 1.9010942220687865 19.965457306169483
0.4715246024707409 0.4825702068638312 0.4604789958424764 21.790102441996744 1.8676364258952336 19.92246603377878
0.4626265350167882 0.47297040007957447 0.45228267030101527 21.506027940201434 1.8433441625270126 19.662683781532394
0.45842846960645833 0.4561919098822017 0.46066502786356295 21.462467113912922 1.866621706338778 19.595845370096704
0.4497208651104202 0.45504037298466243 0.4444013590809621 21.432055027844154 1.838680193848806 19.59337488853768
0.46046360263677494 0.46926263530470735 0.4516645717421827 22.50124286886764 1.8783645404528264 20.622878335926632
0.45409624373463736 0.45955693904718714 0.44863554995558036 21.9753935905352 1.8957732116522854 20.079620407052236
0.4505180914771475 0.4712152440789832 0.4298209400962375 21.768204576675206 1.856173059466767 19.91203145654234
0.4588092797525125 0.46458761516371616 0.453030943742966 21.612698748340346 1.8530864092176909 19.75961237280336
0.4584950107213569 0.47103440564840215 0.445955616661845 21.329827830562852 1.8369942965572827 19.492833523554346
0.45666736149012227 0.4595319369335799 0.4538027869869177 21.33558463266451 1.8258679609592647 19.509716717184407
0.4623940013349056 0.4618859903810367 0.4629020140110834 21.16166249105375 1.8221338008364587 19.33952865600586
0.45460545380842193 0.46784792411562104 0.4413629836415591 21.145556230414403 1.8431202016464652 19.302436044118174
0.47191222420293993 0.4808664692068243 0.46295797956265405 20.96664390694605 1.8527798849017654 19.11386404298756
0.46866657384862637 0.4826059769048062 0.45472717290004233 20.706406952583627 1.7938300984363034 18.912576825651403
0.4585027593251777 0.47289590320537145 0.44410961833463547 21.909459252553443 1.939203414361771 19.970255810593905
0.44702998631416935 0.45694821881104825 0.43711175477157715 21.54444847368214 1.8336457250869438 19.710802750391505
0.4627017978323649 0.4810637783055028 0.4443398182063478 21.4176777983365 1.8916366270551943 19.526041197450194
0.45607868806548313 0.4582741286401471 0.4538832481822943 20.924129830974422 1.8200268772366928 19.104102947940564
0.46036174219765075 0.4593087490392874 0.46141473577191977 21.053391770140767 1.8506294688541596 19.20276230981905
0.4524836742612597 0.47035648560865895 0.43461086354027056 20.90165065086051 1.8391566158565757 19.062494055865564
0.4522511253414089 0.46402901794302137 0.4404732317217205 20.698002303136537 1.8385590317314617 18.85944327654904
0.453167954556746 0.45082070248788353 0.45551520733494466 20.743925165150262 1.8215653021858162 18.922359854554475
0.47446503013576546 0.48898773929486944 0.4599423190374693 20.59336870010585 1.8438756470810878 18.749493046329444
0.4592622410557041 0.4623897025591298 0.456134778318595 20.39371858231009 1.8176279687718169 18.576090589941366
0.4408172931675225 0.44846756414778227 0.433167022055857 21.581779726237468 1.9188321980711531 19.6629475227774
0.4490499506717267 0.45953168717327797 0.4385682145924601 21.41778162603509 1.9122500812354153 19.505531533776896
0.4566818823451049 0.4718970210712454 0.4414667439659777 20.96253511481089 1.8659950115909316 19.096540153843083
0.4637403771893619 0.4731741377216292 0.4543066173996011 20.656082311395096 1.837309156541955 18.81877317493909
0.4525777492314985 0.458295322408619 0.44686017771800085 20.63404807783153 1.8819599650494039 18.75208809735024
0.45723467589649436 0.47300007918926135 0.44146927143766046 20.473605579872654 1.8757740162823298 18.597831538605362
0.4540207423882125 0.46253559216984536 0.4455058908574793 20.250679121931938 1.8240460646887349 18.42663309868068
0.4534364855554822 0.4708875745687991 0.43598539647837614 20.180971871336844 1.8396169984993869 18.341354874388813
0.45128154441306034 0.4544332042910567 0.4481298835361249 19.957386276819935 1.81024519874625 18.147141081013093
0.4673014421271135 0.47087043681985713 0.46373244885304205 19.83141679763794 1.8132563939649764 18.018160399345504
0.4493903156012705 0.47114327136707834 0.42763736007148273 21.086855825659345 1.9069928695077765 19.179862942760938
0.4381635959783237 0.44430429741918837 0.43202289568438923 20.910931798856552 1.9177180391468414 18.993213740440265
0.4475883872949914 0.46114283952198615 0.4340339346189205 20.556685664555797 1.8766195884306136 18.68006604926227
0.44192484755017986 0.4489863983827503 0.4348632975774881 20.251939171307708 1.8995889554285024 18.352350253274995
0.4501035673773452 0.45076911219408455 0.4494380191657437 20.24835148641508 1.909219731492539 18.339131708667704
0.45571847731528214 0.45825704177713966 0.4531799127615682 20.12376018484978 1.8328305775988591 18.29092961141508
0.4493828374841442 0.45270396680252195 0.44606170767076214 19.916535351374378 1.830160129478533 18.08637519046052
0.4731860014265531 0.48383357249429987 0.46253842979363385 19.7881693069249 1.850354608362668 17.937814689662357
0.44666607131900854 0.4533712210363313 0.4399609204917534 19.80258769335812 1.8668136590147673 17.935774010828098
0.4507926860594586 0.46158525591512045 0.440000116350512 19.638836007575467 1.8710234981693634 17.767812498301677
0.4445581905059006 0.4553228662004822 0.4337935141555659 20.679331908813893 1.977190953819719 18.70214095768863
0.45076708039906743 0.45627288276661343 0.4452612807923188 20.447369886424443 1.9004448593479313 18.546925025443507
0.42977518644439033 0.4480606938725057 0.41148967598501135 20.243812927481247 1.9495331259622966 18.294279815726085
0.4325751431082209 0.4325363541404678 0.43261393218186417 20.097404680513357 1.9361663266404034 18.161238354199554
0.46026449027943284 0.4724902369171279 0.4480387406168531 19.83424043786036 1.9006507440789104 17.933589697210756
0.4535610433616867 0.45513078355332454 0.4519913036988614 19.80223842777618 1.8874121256070595 17.91482629057479
0.4540578483565621 0.4627261099526786 0.44538958596499406 19.765391311253588 1.9005231804227176 17.864868116378783
0.451991822744069 0.4592311750523338 0.4447524725153328 19.538485052161022 1.8828497214268332 17.65563538368434
0.45035591386513757 0.4610671285495213 0.43964470137191347 19.413379187126683 1.9206969134611627 17.49268226950136
0.471675251699882 0.48103701987380343 0.4623134843749951 19.29017583768662 1.8756718583302956 17.414503968251896
0.4148249436782239 0.42284612554151 0.40680376096335175 20.316765497808586 1.9921563476732334 18.324609118944977
0.43734334875918823 0.4432964832266818 0.4313902148562292 20.01300624429363 1.9566885446848934 18.05631765470113
0.43712676509908616 0.4405689389240762 0.4336845908237443 20.001641780382965 2.011107915354102 17.990533924755987
0.4452679550836552 0.4572311885674063 0.4333047223979071 19.688972215783107 1.9333133028794642 17.755658989083276
0.4463796046702829 0.4609031980308666 0.43185600936157653 19.570296436466585 1.9202469541806064 17.65004947936698
0.4417862613876797 0.44194977461641066 0.44162275070350054 19.424563714902696 1.949689393419109 17.474874353735416
0.4517455719003122 0.45826623999092675 0.4452249043353208 19.475499142685983 1.9446698575803678 17.53082928722852
0.4465879386112298 0.4548458317731673 0.438330044362643 19.231717088777724 1.8934678322648348 17.338249261411903
0.44898882286291414 0.46154596156963745 0.43643168511558067 19.035724811031393 1.8865549083441904 17.149169879416895
0.46543803409966705 0.4676840116965189 0.46319205555299375 18.909128008803275 1.856303421377319 17.052824561889857
0.43183471339512364 0.4487430164852014 0.41492641034523303 19.880176885160683 2.004129739166939 17.876047170325503
0.45416556830479676 0.457415027966187 0.45091611008631854 19.57979280197457 1.9173895155730314 17.66240330656914
0.4463587476068164 0.4524203769760589 0.4402971177259843 19.424200277459132 1.8732780385507297 17.550922306269815
0.4540849229601556 0.4649836483500796 0.4431861941945063 19.229934842619176 1.8927394297024975 17.337195417978993
0.4630874782596549 0.4801283072437836 0.4460466480073966 19.072726727838386 1.922339677810669 17.15038705492673
0.44550462767277677 0.45863336833857304 0.4323758861509292 18.992424733671424 1.9102355836188956 17.082189160830353
0.4693332006567962 0.48368529823930834 0.45498110061281755 18.902585863087275 1.8400989800691605 17.06248688371214
0.46024321997410633 0.4619572714012601 0.45852916528509086 18.853522873578008 1.8683805006824128 16.985142370119487
0.46235672969320046 0.45977329646415804 0.46494016417697687 18.756391196054956 1.8417258421852165 16.91466533778465
0.44953593172847406 0.4566684140128479 0.44240344701564477 18.780763586253336 1.8956723923552525 16.885091204186008
0.4484133815724556 0.45622728431712173 0.44059948215950023 19.45577998161316 1.9457665115186613 17.5100135130425
0.44606071089534727 0.45101942285601915 0.4411019988102864 19.40838738010354 1.97222512160262 17.436162267319144
0.45663041642879787 0.45808007367121134 0.45518075960547955 19.10459129385752 1.931850794243486 17.172740469893363
0.4502644795261017 0.46111901856652676 0.43940994072552414 18.864746942912063 1.8863045776543552 16.978442379546493
0.4352726279158298 0.4420363308032592 0.4285089254073084 18.92520927272431 1.944744660593059 16.980464576695063
0.4588476257475272 0.4631369670113064 0.45455828569829465 18.75521695581201 1.9179205037959635 16.837296455527007
0.4803511023113172 0.4807927949019159 0.47990940969233237 18.373605443353522 1.834372263003702 16.539233156752914
0.44373459139302984 0.4501617329877686 0.43730744790949233 18.414728763005506 1.8659755775373277 16.548753171424345
0.463505148096648 0.46120264959610896 0.465807646987577 18.411115326293526 1.8696138569753464 16.54150144106721
0.46139136545666276 0.4616407065212165 0.46114202494388573 18.293643138833243 1.837162706296738 16.456480405102038
0.4429312843574236 0.45237246164222794 0.4334901059760827 19.22423762164704 2.0015529456203933 17.22268469170348
0.44888986476684267 0.4596850333397264 0.43809469840808274 19.01948780294967 1.9926139351848053 17.0268738727047
0.4483680035357606 0.4539207485175934 0.4428152576012358 18.815825757588424 1.923639409264473 16.892186303008092
0.45999096011462276 0.4658433020472118 0.45413862000385374 18.694787192671267 1.8867048403988145 16.80808239375075
0.44436825582732076 0.449411672906797 0.43932484064812527 18.69977065308453 1.9727569047718831 16.727013751252056
0.45332080970888267 0.45665855320961507 0.44998306952518957 18.45700866490194 1.8950127652246658 16.561995891675558
0.4619937076348148 0.4707519003875834 0.4532355137271424 18.265732008790316 1.8426964544270137 16.423035529541643
0.4665091289130792 0.4658992136496897 0.4671190430193323 18.146716619517704 1.8585523991552118 16.28816421456533
0.45529377633986406 0.45588521045658176 0.45470234477152566 18.17445670741878 1.8658060926280609 16.30865058964246
0.4769067487130835 0.47732148269344477 0.47649201342504316 18.0743574952426 1.850974396156938 16.22338312684673
0.42929660572530065 0.4316289920037714 0.4269642205526159 18.973584584014056 2.0593096075809165 16.914274970146074
0.43781165365027647 0.4446498795189219 0.43097342747863226 18.713234036589323 2.0112684305400066 16.7019656396892
0.4328073100633409 0.4334732929531689 0.4321413274548233 18.607561469404665 1.9932612783288302 16.614300154986445
0.45986361871026965 0.46326615725809783 0.45646107566275007 18.389477260798625 1.9211282637837814 16.468348966232718
0.44510013713718277 0.4446718818428352 0.44552839297852287 18.46786549058679 1.954381189117693 16.5134843029388
0.4543638741623049 0.4635701552562875 0.4451575919322363 18.19201986234482 1.9044840975983501 16.28753574515042
0.4563865352677156 0.45774356466271493 0.4550295052871312 18.28928934123418 1.9790373988347512 16.3102519303152
0.464396268287546 0.4676607958455761 0.4611317424894604 18.04506558065545 1.8900631177915286 16.155002472498644
0.4681825757434923 0.46394974649309706 0.4724154041875919 17.934098484744766 1.9122883384358393 16.021810166803125
0.4690852820362947 0.477614580670193 0.4605559849626806 17.84503784440968 1.8454486665660388 15.99958917278133
0.4554431569213941 0.46183923499240886 0.4490470793302337 18.608515268482574 1.9532674333820603 16.65524785388006
0.4271217685345918 0.42175356342396636 0.4324899733321716 18.696011885551556 2.0591643587367177 16.63684754045042
0.4251857556249589 0.4304658526369715 0.4199056598115457 18.48763380703861 2.0307461812071606 16.456887608358304
0.45447141840441585 0.4618962911640179 0.44704654560717816 18.383336555794493 1.9946474850994267 16.388689095026827
0.45199444233758806 0.4581414576658137 0.4458474280746424 18.16053825731147 1.931943641378455 16.228594601317628
0.4545139928692824 0.4659307609803413 0.4430972239793572 17.833106613812383 1.8841068473580764 15.948999798134581
0.4589194294039721 0.4519747407261716 0.4658641171195123 17.873483329276517 1.9035017738603566 15.96998154725114
0.46004488457963894 0.46374739653635005 0.45634237441859427 17.79625868731982 1.9341468755717146 15.862111814054725
0.4736214496297379 0.4708880960419838 0.4763548011138831 17.68070509270446 1.8912304998260654 15.789474606187376
0.4657920270239654 0.46865884993123275 0.462925206790742 17.523883121960782 1.8670060868540854 15.656876989913313
0.44161111978839523 0.4525052195338354 0.4307170192672782 18.048883730744663 1.9423366037950123 16.106547175368217
0.4548055652886221 0.4629970394202495 0.44661409117995876 18.002304505648677 1.9234521896871801 16.078852351071085
0.44274960945117964 0.446243488840274 0.439255729945351 18.05535851896626 1.9926711704633007 16.062687327110606
0.45282136509067394 0.4531442096080529 0.45249851913484807 17.872237532106166 1.9350493045702373 15.93718824125316
0.4468495055012507 0.4493050324542397 0.444393979712096 17.971356871356704 1.9255894798938542 16.045767406241534
0.4535867628271449 0.4474186331127796 0.4597548904433234 17.97483808177791 1.9304034485392374 16.044434681983844
0.454745597331083 0.45468268042832155 0.4548085134017141 17.94425436307306 1.9369801609483484 16.007274177629654
0.453440383270587 0.46025079775614386 0.44662996991346143 17.728567082914587 1.9294227065288858 15.799144356871304
0.4634249030114853 0.46764248549389614 0.45920731841191037 17.667000813026952 1.9173692340260908 15.749631585813548
0.4737705381051318 0.4749676050382271 0.4725734726870305 17.570148664631255 1.8957586280287129 15.674390058648097
0.46509261157822934 0.4673326092912522 0.4628526140591257 17.38699071831899 1.8286163362738204 15.55837438139197
0.46589183755321045 0.4689333129801775 0.4628503600492665 17.37317648325881 1.828356490559774 15.544820020950004
0.45890162395287865 0.4623370906387532 0.4554661581726515 17.246990414841534 1.840025432224143 15.406964965715801
0.4636873771066535 0.47415058325644427 0.4532241730095997 17.272813440349005 1.8553152863293478 15.417498172472602
0.45862393366963894 0.467898038217211 0.449349829375948 17.843968209175216 1.9368025129788542 15.907165718078613
0.45478220393192276 0.45795212913103633 0.451612277920932 17.68520036331595 1.9386448254323985 15.746555570053728
0.4342421841131498 0.43659718559595617 0.4318871827209241 17.747903524686212 1.9487997827464587 15.799103772803528
0.4491412507497693 0.45387052114070586 0.44441197927888126 17.771895780955276 1.9866982593928297 15.785197578064382
0.45795196035545166 0.4565287638015484 0.4593751597179942 17.548560752607372 1.9400541890973915 15.60850655934582
0.4518849092803589 0.4472958483047503 0.4564739691323205 17.36798564636544 1.9296165647572034 15.438369099734581
0.4598862501601242 0.461945376342979 0.4578271251350437 17.416476407769608 1.9467068255764164 15.469769612730365
0.49218022417124 0.49700680732573954 0.4873536427160853 16.994296919156426 1.7997912504901625 15.194505688262312
0.4703130911372296 0.47073241003457306 0.46989377181058467 17.00300424262269 1.8223732277138593 15.180631070267664
0.468702860538886 0.4656065875951405 0.47179913543266794 16.92546424604442 1.8149035754269116 15.110560685641145
0.41571518986498657 0.4190456622407759 0.41238471581409236 17.701041648812488 2.0048313271509457 15.69621034844281
0.4680153585766276 0.46573400084082395 0.47029671517443167 17.59573530693577 1.9302360434238224 15.66549923289312
0.48245556754608676 0.483387049776183 0.48152408720542716 17.378589070333195 1.8951377770672106 15.483451302410804
0.46884274419448146 0.47548053290388764 0.46220495714104337 17.222631634751412 1.8923289300644235 15.330302691133054
0.44120920522980495 0.45098018909801335 0.4314382204377692 17.395453629428392 1.939310194531532 15.45614338051783
0.4647012659846103 0.46049716265310775 0.46890536892189555 17.16667466490236 1.8473986963703208 15.319276011480044
0.44540565724242226 0.44769802564621125 0.4431132892580473 17.141329099054207 1.874441044297937 15.26688806324789
0.49729581161414926 0.4960129925394303 0.498578632150917 16.982066865163308 1.8311537419279962 15.150913136625944
0.4617324228309197 0.4647338012308329 0.45873104447677526 16.85783496752177 1.814235417810205 15.043599540240145
0.473515761934527 0.47521015295108193 0.47182137073617275 16.933811309239637 1.8621736161512872 15.071637678146363
0.4346165342486068 0.43826676988671215 0.4309662982055994 17.785240443112098 2.035841301695941 15.749399156766396
0.4479435422087777 0.4555160602168754 0.4403710252490558 17.486861997107937 1.9622630187909897 15.524598972764734
0.43913685770271577 0.43975439414107687 0.4385193200501269 17.546269616688768 1.9553569258892374 15.590912685002365
0.4331544463050692 0.43561175945342506 0.4306971356068572 17.676347394185523 2.033792231507497 15.642555145368185
0.4451237058573186 0.44299917989793197 0.4472482310684576 17.438027425008276 1.9595701537720145 15.478457277115076
0.4379555867551124 0.4394646064135922 0.4364465659101532 17.333045888926886 1.9846515988650388 15.348394305085483
0.48057343300482996 0.4798846873132614 0.48126218024998496 17.12827742916264 1.922296650605659 15.20598079896953
0.45532528361535235 0.4523444315335675 0.4583061344092329 17.194843747517833 1.9599704273759502 15.23487333075641
0.46809626948343563 0.46892329521336884 0.46726924218492555 16.823863822466706 1.8895353710814697 14.934328445016522
0.474741969104499 0.480775323445105 0.4687086147294469 16.704732674768525 1.854090955812637 14.850641749982964
0.4274932287174137 0.43145412337497413 0.4235323323319628 17.544973067714743 2.020456660202105 15.524516351908854
0.4386069221855843 0.43897331054992206 0.43824053407225705 17.399265822972335 1.9666053273906448 15.432660489212976
0.4568916074625433 0.45920604045234925 0.454577173966251 17.24981412365012 1.9590712274590583 15.290742894394757
0.4422228375730449 0.44963477850917166 0.4348108945650444 17.14928373375984 1.9846262701570172 15.164657439924266
0.4561126076603589 0.45523423640287086 0.45699097635607194 17.191267590980008 1.9402895760862795 15.250978046247404
0.4518347548448468 0.4563733224926057 0.44729618822058587 17.112591199352316 1.9321812597039627 15.180409940954757
0.4806432694655983 0.4798038438938507 0.48148269436436975 16.773660511513278 1.8709226441709963 14.902737867015682
0.46408727364997343 0.46364746562568854 0.46452708190230474 16.670517033093596 1.8389364582218537 14.83158058630277
0.4701287966680853 0.4701111268941058 0.4701464662455941 16.636251351604724 1.871245645007042 14.765005740400863
0.4793385260113298 0.4812903565718244 0.47738669837684666 16.52809436092638 1.8259979671403153 14.702096405421218
0.4337036007887697 0.4406161693631263 0.42679103275837554 17.44052982199682 2.0164028798880644 15.424126957540643
