0.49015552311727445 0.5140397159306154 0.4662713283239162 22.557795049066414 1.6809267142047621 20.876868338127657
0.35410597382547104 0.38318016380581954 0.3250317823805221 22.53456461135655 2.278118011477875 20.256446624128785
0.49214637827587454 0.4998786249185262 0.4844141329804512 21.946497922400905 1.748131987085081 20.198365934580973
0.4923030848168347 0.500709791818302 0.48389637811645253 21.91487140524877 1.697447152823618 20.217424243770232
0.44089037920922447 0.46342202925110515 0.41835873137189916 22.022484822469213 1.9171949952432554 20.105289828940613
0.4017021085913867 0.4262770531316326 0.37712716629652127 22.306182794701563 2.1076123990424693 20.19857038210516
0.3940117587781932 0.42628292067818446 0.3617405980876456 22.275688750123326 2.080403603021413 20.195285098846643
0.4248380136816469 0.44607604544558754 0.40359997922835283 22.305965616278453 2.073599212055337 20.232366431902534
0.4392530958640249 0.46046191696332744 0.41804427518062803 22.389093932060348 2.016152023370952 20.37294192379468
0.4425541384477321 0.45183414978115527 0.43327412747408023 22.3037388109181 2.0162038452821234 20.287534976985356
0.41219941259246984 0.43590475657878264 0.3884940713695059 22.4583667363206 2.130195344310917 20.32817140670672
0.4764347517735338 0.4969161706938319 0.4559533297811469 22.353986365174595 1.9073990412770885 20.446587386196608
0.4688597661991642 0.4823676679487506 0.4553518639647797 22.308851773771522 1.917788651218153 20.391063136270603
0.4442338509408578 0.4554145422853427 0.43305316097932317 22.271809737323082 1.9733045671900658 20.29850511746864
0.4725302884227609 0.47977498527361107 0.4652855910462876 22.275578381264047 1.816917410043821 20.458660940928002
0.4652688164825309 0.4743047281538379 0.456232905928811 22.343610239682132 1.883951225019481 20.459658980042967
0.47940354643210975 0.507776422221979 0.45103066968285055 23.031988653418136 2.203659723964456 20.82832890536687
0.4205964064761384 0.43094071782615084 0.41025209528432316 22.831463734091145 2.1644875065921103 20.666976261138917
0.4235780466909278 0.42604620033900625 0.4211098915284933 22.73628300575361 2.1373727650675054 20.59891025464829
0.4381917170363746 0.45121463131516765 0.4251688031581779 22.813799922107016 2.0596214044583987 20.754178569741445
0.436420778623999 0.4491654664660766 0.4236760879598864 22.92444514313789 2.0617202677138864 20.862724871831396
0.4080112252027205 0.4219149696755491 0.39410748047601074 22.806827650984673 2.190516349142545 20.61631133980947
0.4406099670043547 0.4554638212470159 0.4257561123049627 22.70635604989039 2.008968671013231 20.697387351075264
0.4454361770251026 0.44972761089926305 0.4411447443016996 22.830205043374676 2.0309483564063293 20.799256686641744
0.44786759425107747 0.45468237044238674 0.4410528184310214 22.606646839559893 1.9814742501876126 20.62517261505127
0.44875445812940595 0.4594413622831033 0.438067554488574 22.60115707737126 1.9808460935337904 20.620310934928998
0.4431925728508871 0.4538257757329369 0.4325593718416887 22.774723174474012 2.0065803936083024 20.76814275637065
0.4444378779461123 0.4557413196624958 0.43313443695182263 22.596866207906643 1.9610044638588005 20.63586172600315
0.4548416043695522 0.4646611362517084 0.4450220711197551 22.29184625965275 1.9641838962901128 20.327662390878757
0.43118440241438066 0.44153918337000353 0.42082962324102857 22.30867752310348 1.9957130036125443 20.312964585056044
0.4448504377003402 0.4580582116845332 0.43164266477249663 22.070233900253086 1.955065171196036 20.11516876481984
0.4556584919050132 0.4677916997176123 0.44352528556594495 22.098822885016872 1.9083030522686162 20.190519798618475
0.45279962812384517 0.47016158847214834 0.4354376644457448 23.283589483287237 2.0467630474534753 21.236826421789928
0.44638110606433595 0.46456661969678453 0.4281955939743107 22.99896299937 1.9787261135774117 21.020236929802046
0.44691266524669243 0.45322211298530235 0.44060321904923 22.78856898660529 2.0130688678116013 20.77550006761943
0.4361478634791015 0.44867911300022306 0.4236166157542843 22.60367712778588 1.9183906757668272 20.68528648075992
0.44844870069255566 0.45436536199732186 0.442532037142409 22.52571653470601 1.942799786100649 20.582916722232348
0.46240589600311566 0.46792441148259867 0.4568873800490409 22.373091608857454 1.9128653764724732 20.460226222260356
