0.4544904861548176 0.4812228243032547 0.4277581482002996 22.66535523427676 1.804185483063737 20.861169807225057
0.2848166998935072 0.313390739966337 0.25624266066779827 22.93468633808502 2.5695816835311995 20.365104689663404
0.4767120936349647 0.4793578151205223 0.4740663717870843 22.115149908196436 1.729468782960552 20.385681145811734
0.49380583808030165 0.4996071786020104 0.48800449755604136 22.105716020767 1.7659799326772558 20.339736073637663
0.42313973824047063 0.44028477497807106 0.4059947021815875 22.451825293449506 2.01382354269289 20.43800173197707
0.39836955605814717 0.41505252159876777 0.38168659054049076 22.455350555785714 2.099102495794427 20.356248046927256
0.42201100867496777 0.4488909278039451 0.3951310894260668 22.584212633681624 2.0952958229469925 20.488916755049196
0.37658876154622806 0.3952012524863526 0.3579762684640615 22.97171719825431 2.311806492772821 20.659910682782733
0.40706764462161554 0.43074665935582496 0.38338863321975486 22.673668905806867 2.0979558186988307 20.575713075350407
0.39811190035041066 0.42360619796210364 0.37261760089776086 22.814016551187592 2.1862969458919683 20.627719603499322
0.3855011394783242 0.41028938082123356 0.3607128998851531 22.999092972115296 2.3472316694586244 20.65186134037906
0.4421908379111388 0.45493983174482844 0.4294418444321172 22.864422842574445 2.1656181971504265 20.698804646975372
0.4121051773428917 0.4293996065701932 0.3948107487738949 22.70556864542504 2.1215267124241346 20.584041976275508
0.4024614293995785 0.4133833377634826 0.39153952347497417 22.799923148220532 2.1590084909576257 20.640914685105624
0.4189481620715089 0.42955530999764185 0.4083410133901116 22.94086970368477 2.2050393018820516 20.735830378205808
0.41789385826416214 0.4229488617472657 0.4128388543753591 22.973144689324783 2.08005329933885 20.893091393823493
0.4717255874243501 0.48038911096853754 0.46306206442364684 22.827681225293304 2.0497393140237627 20.777941884080025
0.46097880914194944 0.4623795034746601 0.4595781187565155 22.76834201290183 2.0314476144640414 20.73689439133422
0.4333971462429386 0.4365730136224668 0.43022127987383163 22.971431534910856 2.0703158832984427 20.90111567222909
0.44056220654755424 0.45179224573586085 0.4293321676858484 22.897397495949104 2.038025694432324 20.85937178559499
0.44449493090992104 0.4546089675430566 0.43438089285556175 22.9359000767747 1.9790844575591284 20.956815613132633
0.431338521460556 0.43678153665506675 0.4258955067189487 23.02059648200257 2.0631105315195373 20.957485924028372
0.4410335112107943 0.4438773115152774 0.4381897111155399 22.819659457794607 2.0841303453053515 20.735529079175976
0.44333289661636094 0.4532274977495409 0.4334382964629833 22.706510812942295 1.9975192596651103 20.708991528863777
0.431637002201113 0.4333564723599447 0.42991753152176126 22.761031736086494 2.0189321818417065 20.7420995601236
0.43336324722391284 0.44846162776628584 0.41826486601558044 22.857991789465082 2.0266971049243456 20.831294759985518
0.4530408898853276 0.45822805063671446 0.4478537297743845 22.431727020054648 1.9301235532923922 20.501603509302008
0.4552887523521299 0.4714580136976422 0.4391194947548721 22.540528586139416 2.008662967894175 20.53186558827962
0.4419493905893744 0.46112405415114066 0.4227747268949265 22.5261343681649 1.8981285298523838 20.62800588999709
0.45497023638797135 0.4703825799569692 0.43955789164014875 22.336574304920354 1.9780687541177828 20.358505560600594
0.4593322685218021 0.47489973724602835 0.44376479709291294 22.07902517841287 1.8856124630529587 20.19341275332725
0.4427461226100791 0.45643287568723095 0.4290593700840661 22.08015756868336 1.9151259899139403 20.165031591180252
0.46084155500547525 0.47311945295548197 0.44856365957641847 22.600304748587412 2.0288888327879446 20.57141589203926
0.44523913562297823 0.45902170384787533 0.43145656631876755 22.29171128991532 1.9320060900221132 20.359705177071977
0.4530712669434613 0.47850565923607513 0.42763687277544443 21.778991317749025 1.8553907449931315 19.923600589412533
0.4675801991191629 0.4757495421865215 0.4594108591978885 21.69600783962093 1.847908461257203 19.84809936301349
0.4627211349263583 0.4757943921403526 0.4496478759313691 21.575246921957355 1.83330064946658 19.741946239340795
0.47646412902498897 0.48492283192909746 0.468005425023706 21.35534773003565 1.7796465744710948 19.575701189041137
0.4553735245376417 0.4617440614058343 0.44900299009088784 21.118753596527934 1.8051620716918004 19.313591484827537
0.4556868406191264 0.4644835344196795 0.4468901449942017 21.312381936426032 1.8398450093726588 19.47253691333614
0.483241096690093 0.49059369870754954 0.47588849599690064 20.932148298498703 1.7858477030714897 19.14630057713757
0.4817092200052248 0.4949975531548262 0.4684208872204978 20.752486626089436 1.7412184106160518 19.011268236212533
0.4775359832158644 0.487027459243338 0.4680445089068723 20.7722336364119 1.768763587409503 19.003470075293762
