0.6002844201166773 0.6097265616303584 0.5908422753459117 24.356033287413133 1.3363165508528225 23.019716747471545
0.3757947926088923 0.39351158963180466 0.35807799662417567 23.04277276080814 2.1231675525832046 20.919605200407936
0.44854471755158054 0.47121875737717406 0.4258706790288208 22.53993727470356 1.8808536565368945 20.659083634126382
0.512239878376325 0.5189297119654267 0.5055500449653451 22.162513977842906 1.6233149858934632 20.539198970534112
0.4526950331618551 0.4569221536216677 0.448467910829219 22.25402763893044 1.7899696307836985 20.464058044178238
0.42933559903233753 0.44601371705206366 0.41265747667661784 22.405438722808505 2.013813528532539 20.391625181573335
0.4159122072974515 0.44340804853868454 0.3884163680359151 22.52787827533451 2.104738261652449 20.423140011849952
0.4293011741234305 0.45866730372304393 0.39993504500474597 22.476388045347452 2.014476771725983 20.46191132133776
0.42306375133046686 0.4399231809008195 0.406204322368273 22.585207296850903 2.0372959039901777 20.54791137299251
0.42820774800464756 0.4490269734027994 0.4073885238877004 22.590755006654668 1.9940917938947678 20.596663191670277
0.5076136717908695 0.5264452908371315 0.48878205593044316 22.463956538445313 1.9092488415905686 20.5547076952262
0.4222381697163556 0.44570472600864747 0.3987716107318799 22.34478186518768 2.009075933792552 20.335705914784
0.42446353042223417 0.4498245141932059 0.3991025441982707 22.545159063704027 2.0367112396681897 20.508447842519793
0.4139220786021381 0.437587199216108 0.3902569580823183 22.582602442288007 2.0698256976902485 20.512776752638686
0.4105858697347302 0.43505154086195463 0.38612019846755297 22.667665604033758 2.0814580059116654 20.586207591770776
0.43572594343475957 0.45487671728434215 0.41657517113483666 22.56163216288624 2.0615172056389635 20.50011498810815
0.4115683453696999 0.4349618824211565 0.38817480929409626 22.599934751218786 2.092065247518769 20.507869483994657
0.4134892363284455 0.4335809798015516 0.3933974915092475 22.811089678540256 2.143844954628762 20.66724471576878
0.4356211990199454 0.45162725769736567 0.4196151420143255 23.020947917563017 2.1034875503980395 20.917460389476005
0.42224999831714594 0.43207246901039953 0.41242753024228285 22.961752924762788 2.106808620561016 20.854944286450664
0.45230678220589954 0.4753922256615644 0.4292213404080398 23.035998870766228 2.1657930214385517 20.87020594956445
0.41976193544236035 0.4431004218065022 0.3964234489408103 22.766805145909878 2.0836636088584943 20.68314154356555
0.41416977961735973 0.4304820069015189 0.39785755032296877 22.980712017726376 2.1614141376292118 20.81929792081072
0.42397125317750733 0.4376922874034591 0.41025021784720034 22.95425501677508 2.0748304073276413 20.87942461107598
0.42836130119330895 0.44221634090282635 0.41450626230824106 22.883931057049278 2.0714413644186136 20.8124897095675
0.41309407768679446 0.4343904674897998 0.39179768849067553 23.05041456092251 2.148760282195331 20.901654300793926
0.4248797444657224 0.44285192579550087 0.4069075625672265 23.00817126263686 2.063198311692053 20.94497290660775
0.4196759576761657 0.4351421814829193 0.4042097337981635 22.724267941355055 2.144980909394436 20.57928701046386
0.4271743858253451 0.4317163581542589 0.42263241413258057 22.91690704340492 2.1030192233499934 20.813887777224263
0.4473450454308198 0.4579491318213687 0.43674095931763207 22.723184082677456 1.9926318573088593 20.73055222321078
0.42555069619067054 0.44260063431037416 0.4085007589030502 23.07863747617586 2.0550519953089985 21.023585490190268
0.44672293136598634 0.4656291995172089 0.42781666403157953 23.013246666538258 2.0134405685089978 20.999806076451076
0.42526817837821657 0.4439004354339215 0.40663592290397876 23.003546808586744 2.0700701489393176 20.93347666758657
0.44114766400205635 0.45885222168038775 0.42344310564686205 22.94229436832699 2.0445207666829637 20.897773610438154
0.4384925712429272 0.4493690360988913 0.4276161073284641 22.646968148445172 1.9570756276122858 20.689892501778942
0.4576938767495051 0.47123255476844117 0.4441551997865769 22.652235096269617 1.9242838964761932 20.72795117878523
0.4469906858835227 0.44954484203433404 0.44443652935102174 22.550977348629893 1.9549371847689478 20.59604017135224
0.4315139838784445 0.43728581695598573 0.4257421520299436 22.52505473882123 1.9912796446778736 20.533775115273688
0.44919143166250547 0.46790852921612847 0.4304743316202664 22.451189762907603 1.912634402879926 20.538555408436093
0.4530505733310036 0.46246795762136905 0.4436331929618625 22.301851987838745 1.9274617222244623 20.374390310277054
0.4269018200292288 0.4381056337622427 0.41569800329613477 23.00450518743588 2.0099533080566125 20.99455186382669
0.46234699587027234 0.47620420585910644 0.4484897877237266 22.84718145438231 1.9020737979581448 20.945107682806547
0.4494296049017235 0.45081891417961384 0.44804029403345996 22.562111861067393 1.9532251427652405 20.608886688784825
0.44976265626689776 0.45440342896897856 0.4451218816143832 22.43918140208135 1.9078439097912585 20.53133747486469
0.4341122272215743 0.44500053977298604 0.42322391482283833 22.2968243731827 1.9056439578858881 20.39118037653751
0.46102248254369516 0.4717135070772241 0.450331456027925 22.1571991326379 1.8545578563473915 20.30264127059061
0.45131850445164684 0.46236011790254156 0.44027688944854776 22.12217378225483 1.9240882334813394 20.198085499591514
0.45431606977404465 0.4604829460474067 0.4481491932004202 22.150058682499036 1.8848520210369037 20.265206660729287
0.47364783273816435 0.4837005963164784 0.4635950693519674 21.661985033848246 1.816529382203446 19.84545562566955
0.4526443085709556 0.4649423426220733 0.440346272662282 21.66497232484036 1.833970035278732 19.831002260817858
0.4559133001730416 0.4844889327759035 0.42733766673427953 22.59441120377004 1.8816586414484378 20.7127525845512
0.43800873680885044 0.4534713776509883 0.42254609693493184 22.335583306401155 1.9683305072328432 20.367252839067593
0.4514502116117647 0.45716080193463815 0.44573961991735334 22.17666121779895 1.8654402880395045 20.311220952070475
0.44523232473986724 0.45832096370283126 0.4321436856827531 22.060539645575435 1.9120637370589002 20.148475900373825
0.4571270610567162 0.45565900433035006 0.45859511792303514 21.630642493565876 1.8354091759913607 19.79523326138981
0.4697986169937041 0.4730853663217989 0.4665118667330145 21.621786655624057 1.8377187176317464 19.784067923254003
0.4666108330864398 0.47510261342560495 0.4581190493254276 21.56327255306348 1.8401448126129114 19.723127755962434
0.4741440659867284 0.48105165015275037 0.4672364840497736 21.366724016887893 1.7720512858505457 19.59467273527156
0.47251687561227973 0.4800655347183143 0.4649682151245289 21.25722551215542 1.8057321954946048 19.451493301678227
0.47383757489300815 0.4912691047221748 0.4564060466364026 21.28268041506491 1.7952431770947461 19.487437211750635
0.45732052799293904 0.46608266420662403 0.4485583923505161 22.198570449495577 1.873831561272913 20.32473891028941
0.4542320163035002 0.4666046750810649 0.4418593578783622 21.977654113144172 1.8366198448942659 20.14103428262179
0.4610921159447705 0.47005503038148005 0.4521292043122071 21.686686478025926 1.8334764841475772 19.853210016026523
0.46244737755283305 0.47195736397709187 0.4529373909046497 21.46282976312064 1.8010909386345597 19.661738812597722
0.45679035927347145 0.46651852718691844 0.44706219218956317 21.317320748105075 1.8484177833697835 19.468902945518494
0.47477291471482624 0.48151081452741606 0.46803501487806276 21.195867800321736 1.8083079763448955 19.38755981583413
0.4572952541476879 0.46818169195566306 0.446408818394475 21.066680617671196 1.8253146902215285 19.241365951267095
0.4602345200509973 0.46924815860022207 0.45122087793424726 21.047981124106652 1.8266731768520803 19.221307975346924
0.466992639524282 0.47880916256722206 0.45517611719637374 20.89042792033628 1.7896950062099701 19.1007329759702
0.46258404372575507 0.4750767097861857 0.4500913781500701 20.848364646317528 1.8187854922697193 19.029579146963652
0.4532675439430798 0.46362163944174967 0.4429134479596641 21.659344228890426 1.8428220893841623 19.816522146183285
0.4504225960795264 0.47100542136086304 0.4298397709126966 21.514534520321206 1.867264883602903 19.64726967824613
0.45760195641244045 0.45722780285067244 0.4579761103584426 21.302218305608616 1.8510936878092301 19.45112456324322
0.456542849189556 0.4676287408569533 0.4454569571799105 21.108021080819636 1.8309288614434622 19.27709225292414
0.4627049600023552 0.46619573430427924 0.45921418358205407 20.985587892636577 1.849637671572263 19.135950244189612
0.45458108293594884 0.46297956584657596 0.44618260090193546 20.66014513813081 1.8204599745938035 18.83968510067528
0.46452219066683387 0.47404095696672144 0.4550034240794068 20.550148784137164 1.7822183442246067 18.767930423627135
0.4608384496812286 0.4696063572398382 0.45207054304758015 20.43486582516321 1.82536583666593 18.60950001862531
0.4593624261518319 0.47439698814643455 0.44432786546706077 20.440677619371257 1.8223051208941663 18.618372465743395
0.45844681209329863 0.4671371463225656 0.4497564780256136 20.410901984230417 1.8251672523920652 18.585734706107385
0.44253006748488694 0.44594234472415484 0.4391177899580795 21.464384049014317 1.9702180746148845 19.49416599638475
0.4582979458541981 0.47914669690068423 0.4374491937606102 21.302822858258022 1.91519446109162 19.387628376809626
0.44430973458159817 0.44656666409468554 0.4420528048852998 20.96841549221935 1.8637390794649802 19.104676445976633
0.44906929266114864 0.46421260848613405 0.43392597754928663 20.62529049545038 1.8701982877619279 18.755092187657382
0.46537301945881765 0.4710411505568187 0.45970489089300887 20.245558751736834 1.8114767831042815 18.43408195633706
0.4513038556025328 0.46235236061655516 0.44025535000325305 20.415096957826876 1.8551374328592436 18.559959495002456
0.441534099418446 0.44517544557498206 0.4378927562161873 20.335028882886544 1.877540612562758 18.457488294507638
0.44477984606405424 0.45434148861807794 0.43521820157613667 20.139732135449602 1.8470100293068286 18.292722104025668
0.4566638052585672 0.45865872019489645 0.4546688880944431 20.061105769840093 1.8814863686353132 18.179619388502154
0.4571118711244539 0.4572098336902656 0.4570139082621966 19.973247477265655 1.844276834625364 18.12897062431919
0.42917197191568673 0.43925334136205335 0.41909060250621677 21.265160563213577 2.019442368563407 19.24571821468124
0.43835474652507916 0.44338134237020554 0.43332814973336264 20.790603534771446 1.9963330036955453 18.794270528470232
0.4359457780266069 0.4377587911735869 0.4341327652113787 20.872825273399144 1.9782382555998088 18.89458696894307
0.4317110673488815 0.44387389520753195 0.41954823883626957 20.5262580777778 1.9725413950251751 18.553716716219167
0.4464957764412943 0.45980758153797824 0.43318397037511885 20.246812161200683 1.9596625097869524 18.287149697705043
0.4339298439807579 0.4414057587807784 0.42645392950135663 20.176679252926768 1.9459029971087565 18.230776283910366
0.4542919376691997 0.4607055299353017 0.44787834346793143 19.91835331265392 1.8818827146878008 18.03647058192498
0.4425463908010982 0.4491761213949693 0.43591666047568206 19.87265216457388 1.8896459539731343 17.983006241543045
0.44360447653106166 0.4470756885034536 0.4401332632412045 19.902417550321484 1.9546499392373966 17.947767569719115
0.45665797097557553 0.4657260581489673 0.4475898842805681 19.639457971020473 1.9101075379310246 17.729350432672135
0.4166125574764984 0.42900831408129464 0.4042168004041324 20.49950193055992 1.9692925691930323 18.530209328307482
0.44769686133768716 0.4551853900260032 0.4402083320049518 20.500284931047368 1.9681739091384607 18.532110969225567
0.4265169467334254 0.4354600207647945 0.41757387240656496 20.368932803471882 2.0230554781976293 18.345877268926692
0.4247359367179089 0.4332587307171458 0.4162131410519608 20.209166870742546 1.9784500535394325 18.23071685058823
0.445269538639266 0.45742526035463243 0.43311381577946695 19.885165484225162 1.9183569094522404 17.966808584869884
0.450250996714407 0.45146185570126757 0.4490401382568226 19.54122077311323 1.883098078555748 17.65812267566639
0.45780089464995377 0.4656970355210602 0.4499047547426136 19.62877864003833 1.9207294346367727 17.7080492100429
0.45231705306026615 0.45760797228234124 0.4470261356645757 19.190852621213985 1.8560045149808373 17.33484809971898
0.44986872320048144 0.45363318512045725 0.44610425925818703 19.35580468047512 1.8696056964700338 17.48619905000176
0.45241261459378107 0.4646909953816412 0.4401342348918278 19.204420381556442 1.8609663733367712 17.343454007893964
0.4276372250678435 0.43170921946303215 0.42356522909818534 20.31175485334761 2.0234297583989105 18.28832510651135
