0.4814438922483413 0.5135223796804909 0.44936540565081956 23.0641784368317 1.7421386119772175 21.32203978072099
0.4511895570191529 0.4678583677878471 0.4345207462097452 22.70370708137262 1.854555928641981 20.849151152730638
0.5301093979855704 0.5389508616912072 0.5212679357354433 22.010923844217604 1.541273911956881 20.469649997565263
0.42328583495945876 0.44789064678623053 0.3986810227255515 22.36140877431859 1.9248577699960907 20.436550989828476
0.4469690179971398 0.46827209529166663 0.425665941150462 22.37940184145026 1.9863339799349424 20.393067899297495
0.4201471270698179 0.4417134402421573 0.3985808174599145 22.563760990653535 2.0673684834456836 20.49639248522253
0.41483499930123163 0.4370266446701246 0.39264335575935944 22.56926669579386 2.0808340850097884 20.488432654917567
0.4346675424139356 0.4466965697715924 0.4226385162522395 22.60747722198403 1.9885483957379242 20.618928786183968
0.3674440912271295 0.39369590229309 0.34119227962171444 22.85150423597117 2.3039130902355485 20.54759111821326
0.4381033076899625 0.4608490661618712 0.4153575505552396 22.809349084812435 1.974006413599181 20.835342675610317
0.4220917478325914 0.44751604097320247 0.3966674561322224 22.63407939249049 2.1006453944359973 20.533433952618168
0.40961280088525653 0.42521292561044294 0.3940126772491577 22.741130929175622 2.1745763610783824 20.566554582835547
0.43208674355689947 0.45205257356655404 0.4121209131655553 22.773585240046184 2.077089754284405 20.696495544715006
0.4220531338551005 0.44385526474829906 0.40025099927732527 22.791170714331454 2.0945556172337687 20.696615082970084
0.44395128053312743 0.4495141079440672 0.438388452671794 22.637792904520296 1.9453378387324798 20.69245503639263
0.43653632185416796 0.44962042552301956 0.4234522180988 22.683230723188224 2.034348724236905 20.648881925259783
0.4972279946538594 0.5217720835566357 0.47268390587831294 22.706602659381804 1.9525374205060344 20.754065129926296
0.455295699409367 0.46940669550209263 0.4411847060851631 22.838194690766883 1.9625450029073517 20.875649688022385
0.4220543934714273 0.4371175877699028 0.4069911965163923 22.62979113273933 2.075443157854953 20.554347963281018
0.45472130604861866 0.4533426431236697 0.45609996756894994 22.68975109741336 1.9431065097044073 20.74664454772824
0.45807326615589566 0.46628085062762753 0.4498656821142007 22.61589830950961 1.9635607552170102 20.652337548511277
0.43057077581602365 0.42975786683032585 0.43138368665418825 22.645482042448116 2.002706765395696 20.64277528022808
0.4610695033614101 0.47020212421957097 0.45193688507329244 22.521805484438204 1.9358554066774623 20.585950074951505
0.45556407803516896 0.46147884386769733 0.44964931247745704 22.486361839732186 1.9266743189731583 20.55968751151705
0.4376603432121824 0.4511197078667703 0.42420097964159287 22.60167282787177 2.0240678855630216 20.57760500517048
0.4500907636527481 0.45451692449275016 0.4456646017936348 22.413165351732182 1.9399178401042856 20.47324755152718
0.46835205074949343 0.4704633067295851 0.46624079487627484 22.195068055814733 1.8715266074394918 20.32354142431353
0.4536003891958809 0.46236765737864166 0.44483312361369853 22.237532426750725 1.943698401415283 20.293833976234893
0.46082500392275916 0.47567529189578495 0.4459747166100564 22.069358853043102 1.8716922792417756 20.19766664439863
0.4692918738665802 0.4779210752181587 0.46066267599855537 21.828921953837078 1.8175912446500173 20.01133070943134
0.4678452831026309 0.47932306456740925 0.4563675036226384 21.687395678191887 1.7887398538693704 19.8986558699217
0.4579631300755049 0.4665163556022234 0.4494099046174905 21.70208620503952 1.8411960247191574 19.860890230845882
0.4539381599796763 0.45732623787566284 0.4505500819882673 22.536607490862654 1.9215294885260812 20.61507801605704
0.46148435739912297 0.47687101616050864 0.4460976989074646 22.03687968540713 1.8632545813999541 20.173625097248724
0.47742049374663437 0.49680223998924095 0.4580387465345363 21.907021080861327 1.813537731929555 20.093483300156933
0.4592692048538252 0.4758068646222882 0.44273154489833433 21.455199477451096 1.8494372690310243 19.60576227323605
0.4809829501506409 0.47658700841260165 0.4853788925413694 21.335450584119787 1.7622490382748224 19.573201591199865
0.4730793411125902 0.48446517932111693 0.46169350342061677 21.422920851108156 1.7781059961827075 19.644814829357333
0.48906249914297967 0.49765875571422646 0.4804662430908307 20.87227159249978 1.7036632988907274 19.168608290250184
0.48661579091936513 0.4945129910738416 0.4787185905256965 20.741896810427388 1.7165204293903757 19.025376382421275
0.4783730164699541 0.4821189776688936 0.4746270541641149 20.782284158826524 1.6874758097561982 19.094808364826473
0.48205903996942473 0.4848925227075408 0.4792255563865024 20.776892805360053 1.7155056748885276 19.061387112231852
0.4858179665145164 0.4910899464122422 0.4805459840213015 20.526884753847384 1.7173792554136833 18.809505475023403
0.4806826392728123 0.4863832460925024 0.47498203121390337 20.468492695542633 1.7123261975948927 18.75616647506672
0.4800316687225481 0.4930169270857354 0.467046409998028 20.113265229053184 1.6990154984055972 18.414249763462713
0.49347276366799253 0.5075469510069962 0.4793985769396923 20.093767959563458 1.6592181057063609 18.434549917288816
0.49054819834036906 0.49352810708449674 0.4875682895707954 19.89323847801959 1.6539161003352514 18.239322380941424
0.4952446901407398 0.5041075258622648 0.4863818521290773 19.762574726115158 1.6390245777498829 18.123550162940727
